    10.913
    12.534
    14.690
    17.236
    20.051
    23.035
    26.107
    29.200
    32.259
    35.243
    38.118
    40.858
    43.446
    45.868
    48.115
    50.184
    52.072
    53.781
    55.314
    56.675
    57.871
    58.909
    59.796
    60.541
    61.151
    61.635
    62.003
    62.262
    62.420
    62.486
    62.468
    62.372
    62.207
    61.978
    61.693
    61.357
    60.976
    60.556
    60.100
    59.615
    59.105
    58.572
    58.022
    57.457
    56.880
    56.294
    55.702
    55.106
    54.509
    53.912
    52.403
    50.190
    47.447
    44.319
    40.930
    37.379
    33.750
    30.109
    26.512
    23.001
    19.610
    16.364
    13.283
    10.380
     7.664
     5.138
     2.805
     0.664
     0.000
     0.000
     0.000
     0.000
     0.000
     0.000
     0.000
     0.000
     0.000
     0.000
     0.000
     0.000
     0.000
     0.000
     0.000
     0.000
     0.000
     0.000
     0.000
     0.000
     0.000
     0.000
     0.000
     0.000
     0.000
     0.000
     0.000
     0.000
     0.000
     0.000
     0.000
     0.000
