ZONE T="AveragedSelected_z(x,y).dat"
I= 32,J= 64,K=1,F=POINT
    1     1  -0.02845
    1     2  -0.02863
    1     3  -0.02883
    1     4  -0.02902
    1     5  -0.02920
    1     6  -0.02937
    1     7  -0.02952
    1     8  -0.02965
    1     9  -0.02977
    1    10  -0.02988
    1    11  -0.02997
    1    12  -0.03005
    1    13  -0.03010
    1    14  -0.03014
    1    15  -0.03017
    1    16  -0.03017
    1    17  -0.03017
    1    18  -0.03014
    1    19  -0.03010
    1    20  -0.03005
    1    21  -0.02997
    1    22  -0.02988
    1    23  -0.02977
    1    24  -0.02965
    1    25  -0.02952
    1    26  -0.02937
    1    27  -0.02920
    1    28  -0.02902
    1    29  -0.02882
    1    30  -0.02862
    1    31  -0.02841
    1    32  -0.02822
    2     1  -0.02938
    2     2  -0.02958
    2     3  -0.02978
    2     4  -0.02998
    2     5  -0.03017
    2     6  -0.03034
    2     7  -0.03051
    2     8  -0.03065
    2     9  -0.03078
    2    10  -0.03089
    2    11  -0.03098
    2    12  -0.03106
    2    13  -0.03112
    2    14  -0.03117
    2    15  -0.03119
    2    16  -0.03120
    2    17  -0.03119
    2    18  -0.03117
    2    19  -0.03112
    2    20  -0.03106
    2    21  -0.03098
    2    22  -0.03089
    2    23  -0.03078
    2    24  -0.03065
    2    25  -0.03051
    2    26  -0.03034
    2    27  -0.03017
    2    28  -0.02998
    2    29  -0.02978
    2    30  -0.02956
    2    31  -0.02935
    2    32  -0.02914
    3     1  -0.03046
    3     2  -0.03067
    3     3  -0.03088
    3     4  -0.03109
    3     5  -0.03129
    3     6  -0.03148
    3     7  -0.03165
    3     8  -0.03180
    3     9  -0.03193
    3    10  -0.03205
    3    11  -0.03215
    3    12  -0.03223
    3    13  -0.03230
    3    14  -0.03234
    3    15  -0.03237
    3    16  -0.03238
    3    17  -0.03237
    3    18  -0.03234
    3    19  -0.03230
    3    20  -0.03223
    3    21  -0.03215
    3    22  -0.03205
    3    23  -0.03193
    3    24  -0.03180
    3    25  -0.03165
    3    26  -0.03148
    3    27  -0.03129
    3    28  -0.03109
    3    29  -0.03088
    3    30  -0.03065
    3    31  -0.03042
    3    32  -0.03021
    4     1  -0.03163
    4     2  -0.03185
    4     3  -0.03208
    4     4  -0.03230
    4     5  -0.03251
    4     6  -0.03271
    4     7  -0.03289
    4     8  -0.03305
    4     9  -0.03319
    4    10  -0.03332
    4    11  -0.03342
    4    12  -0.03351
    4    13  -0.03358
    4    14  -0.03363
    4    15  -0.03366
    4    16  -0.03367
    4    17  -0.03366
    4    18  -0.03363
    4    19  -0.03358
    4    20  -0.03351
    4    21  -0.03342
    4    22  -0.03332
    4    23  -0.03319
    4    24  -0.03305
    4    25  -0.03289
    4    26  -0.03271
    4    27  -0.03251
    4    28  -0.03230
    4    29  -0.03207
    4    30  -0.03183
    4    31  -0.03159
    4    32  -0.03136
    5     1  -0.03286
    5     2  -0.03310
    5     3  -0.03334
    5     4  -0.03358
    5     5  -0.03380
    5     6  -0.03401
    5     7  -0.03420
    5     8  -0.03437
    5     9  -0.03453
    5    10  -0.03466
    5    11  -0.03477
    5    12  -0.03487
    5    13  -0.03494
    5    14  -0.03499
    5    15  -0.03502
    5    16  -0.03504
    5    17  -0.03502
    5    18  -0.03499
    5    19  -0.03494
    5    20  -0.03487
    5    21  -0.03477
    5    22  -0.03466
    5    23  -0.03453
    5    24  -0.03437
    5    25  -0.03420
    5    26  -0.03401
    5    27  -0.03380
    5    28  -0.03358
    5    29  -0.03334
    5    30  -0.03308
    5    31  -0.03282
    5    32  -0.03258
    6     1  -0.03416
    6     2  -0.03441
    6     3  -0.03466
    6     4  -0.03492
    6     5  -0.03516
    6     6  -0.03538
    6     7  -0.03559
    6     8  -0.03577
    6     9  -0.03593
    6    10  -0.03607
    6    11  -0.03620
    6    12  -0.03630
    6    13  -0.03637
    6    14  -0.03643
    6    15  -0.03646
    6    16  -0.03647
    6    17  -0.03646
    6    18  -0.03643
    6    19  -0.03637
    6    20  -0.03630
    6    21  -0.03620
    6    22  -0.03607
    6    23  -0.03593
    6    24  -0.03577
    6    25  -0.03559
    6    26  -0.03538
    6    27  -0.03516
    6    28  -0.03492
    6    29  -0.03466
    6    30  -0.03439
    6    31  -0.03411
    6    32  -0.03386
    7     1  -0.03552
    7     2  -0.03578
    7     3  -0.03606
    7     4  -0.03633
    7     5  -0.03658
    7     6  -0.03682
    7     7  -0.03704
    7     8  -0.03724
    7     9  -0.03741
    7    10  -0.03756
    7    11  -0.03769
    7    12  -0.03780
    7    13  -0.03788
    7    14  -0.03794
    7    15  -0.03798
    7    16  -0.03799
    7    17  -0.03798
    7    18  -0.03794
    7    19  -0.03788
    7    20  -0.03780
    7    21  -0.03769
    7    22  -0.03756
    7    23  -0.03741
    7    24  -0.03724
    7    25  -0.03704
    7    26  -0.03682
    7    27  -0.03658
    7    28  -0.03633
    7    29  -0.03605
    7    30  -0.03576
    7    31  -0.03547
    7    32  -0.03520
    8     1  -0.03695
    8     2  -0.03723
    8     3  -0.03752
    8     4  -0.03781
    8     5  -0.03808
    8     6  -0.03834
    8     7  -0.03857
    8     8  -0.03878
    8     9  -0.03896
    8    10  -0.03913
    8    11  -0.03927
    8    12  -0.03938
    8    13  -0.03947
    8    14  -0.03953
    8    15  -0.03957
    8    16  -0.03959
    8    17  -0.03957
    8    18  -0.03953
    8    19  -0.03947
    8    20  -0.03938
    8    21  -0.03927
    8    22  -0.03913
    8    23  -0.03896
    8    24  -0.03878
    8    25  -0.03857
    8    26  -0.03834
    8    27  -0.03808
    8    28  -0.03781
    8    29  -0.03752
    8    30  -0.03721
    8    31  -0.03689
    8    32  -0.03660
    9     1  -0.03845
    9     2  -0.03875
    9     3  -0.03906
    9     4  -0.03937
    9     5  -0.03966
    9     6  -0.03993
    9     7  -0.04018
    9     8  -0.04040
    9     9  -0.04060
    9    10  -0.04078
    9    11  -0.04093
    9    12  -0.04105
    9    13  -0.04114
    9    14  -0.04121
    9    15  -0.04125
    9    16  -0.04127
    9    17  -0.04125
    9    18  -0.04121
    9    19  -0.04114
    9    20  -0.04105
    9    21  -0.04093
    9    22  -0.04078
    9    23  -0.04060
    9    24  -0.04040
    9    25  -0.04018
    9    26  -0.03993
    9    27  -0.03966
    9    28  -0.03937
    9    29  -0.03905
    9    30  -0.03872
    9    31  -0.03839
    9    32  -0.03808
   10     1  -0.04002
   10     2  -0.04034
   10     3  -0.04068
   10     4  -0.04101
   10     5  -0.04132
   10     6  -0.04161
   10     7  -0.04188
   10     8  -0.04212
   10     9  -0.04233
   10    10  -0.04252
   10    11  -0.04268
   10    12  -0.04281
   10    13  -0.04291
   10    14  -0.04299
   10    15  -0.04303
   10    16  -0.04304
   10    17  -0.04303
   10    18  -0.04299
   10    19  -0.04291
   10    20  -0.04281
   10    21  -0.04268
   10    22  -0.04252
   10    23  -0.04233
   10    24  -0.04212
   10    25  -0.04188
   10    26  -0.04161
   10    27  -0.04132
   10    28  -0.04101
   10    29  -0.04067
   10    30  -0.04032
   10    31  -0.03996
   10    32  -0.03963
   11     1  -0.04168
   11     2  -0.04202
   11     3  -0.04238
   11     4  -0.04274
   11     5  -0.04307
   11     6  -0.04338
   11     7  -0.04367
   11     8  -0.04393
   11     9  -0.04416
   11    10  -0.04435
   11    11  -0.04453
   11    12  -0.04467
   11    13  -0.04478
   11    14  -0.04486
   11    15  -0.04490
   11    16  -0.04492
   11    17  -0.04490
   11    18  -0.04486
   11    19  -0.04478
   11    20  -0.04467
   11    21  -0.04453
   11    22  -0.04435
   11    23  -0.04416
   11    24  -0.04393
   11    25  -0.04367
   11    26  -0.04338
   11    27  -0.04307
   11    28  -0.04274
   11    29  -0.04238
   11    30  -0.04200
   11    31  -0.04162
   11    32  -0.04126
   12     1  -0.04343
   12     2  -0.04379
   12     3  -0.04418
   12     4  -0.04456
   12     5  -0.04492
   12     6  -0.04526
   12     7  -0.04556
   12     8  -0.04584
   12     9  -0.04608
   12    10  -0.04630
   12    11  -0.04648
   12    12  -0.04663
   12    13  -0.04675
   12    14  -0.04684
   12    15  -0.04689
   12    16  -0.04690
   12    17  -0.04689
   12    18  -0.04684
   12    19  -0.04675
   12    20  -0.04663
   12    21  -0.04648
   12    22  -0.04630
   12    23  -0.04608
   12    24  -0.04584
   12    25  -0.04556
   12    26  -0.04526
   12    27  -0.04492
   12    28  -0.04456
   12    29  -0.04417
   12    30  -0.04377
   12    31  -0.04336
   12    32  -0.04298
   13     1  -0.04527
   13     2  -0.04566
   13     3  -0.04608
   13     4  -0.04649
   13     5  -0.04687
   13     6  -0.04723
   13     7  -0.04756
   13     8  -0.04786
   13     9  -0.04812
   13    10  -0.04836
   13    11  -0.04855
   13    12  -0.04872
   13    13  -0.04885
   13    14  -0.04894
   13    15  -0.04899
   13    16  -0.04901
   13    17  -0.04899
   13    18  -0.04894
   13    19  -0.04885
   13    20  -0.04872
   13    21  -0.04855
   13    22  -0.04836
   13    23  -0.04812
   13    24  -0.04786
   13    25  -0.04756
   13    26  -0.04723
   13    27  -0.04687
   13    28  -0.04648
   13    29  -0.04607
   13    30  -0.04564
   13    31  -0.04520
   13    32  -0.04479
   14     1  -0.04722
   14     2  -0.04764
   14     3  -0.04808
   14     4  -0.04852
   14     5  -0.04894
   14     6  -0.04932
   14     7  -0.04968
   14     8  -0.05000
   14     9  -0.05029
   14    10  -0.05054
   14    11  -0.05075
   14    12  -0.05093
   14    13  -0.05106
   14    14  -0.05116
   14    15  -0.05122
   14    16  -0.05124
   14    17  -0.05122
   14    18  -0.05116
   14    19  -0.05106
   14    20  -0.05093
   14    21  -0.05075
   14    22  -0.05054
   14    23  -0.05029
   14    24  -0.05000
   14    25  -0.04968
   14    26  -0.04932
   14    27  -0.04894
   14    28  -0.04852
   14    29  -0.04807
   14    30  -0.04761
   14    31  -0.04714
   14    32  -0.04670
   15     1  -0.04927
   15     2  -0.04972
   15     3  -0.05020
   15     4  -0.05067
   15     5  -0.05112
   15     6  -0.05154
   15     7  -0.05192
   15     8  -0.05227
   15     9  -0.05258
   15    10  -0.05285
   15    11  -0.05308
   15    12  -0.05327
   15    13  -0.05342
   15    14  -0.05353
   15    15  -0.05359
   15    16  -0.05361
   15    17  -0.05359
   15    18  -0.05353
   15    19  -0.05342
   15    20  -0.05327
   15    21  -0.05308
   15    22  -0.05285
   15    23  -0.05258
   15    24  -0.05227
   15    25  -0.05192
   15    26  -0.05154
   15    27  -0.05112
   15    28  -0.05067
   15    29  -0.05019
   15    30  -0.04969
   15    31  -0.04918
   15    32  -0.04871
   16     1  -0.05145
   16     2  -0.05193
   16     3  -0.05245
   16     4  -0.05296
   16     5  -0.05344
   16     6  -0.05390
   16     7  -0.05431
   16     8  -0.05468
   16     9  -0.05502
   16    10  -0.05531
   16    11  -0.05556
   16    12  -0.05577
   16    13  -0.05593
   16    14  -0.05604
   16    15  -0.05611
   16    16  -0.05614
   16    17  -0.05611
   16    18  -0.05604
   16    19  -0.05593
   16    20  -0.05577
   16    21  -0.05556
   16    22  -0.05531
   16    23  -0.05502
   16    24  -0.05468
   16    25  -0.05431
   16    26  -0.05390
   16    27  -0.05344
   16    28  -0.05296
   16    29  -0.05244
   16    30  -0.05190
   16    31  -0.05135
   16    32  -0.05084
   17     1  -0.05375
   17     2  -0.05427
   17     3  -0.05483
   17     4  -0.05538
   17     5  -0.05590
   17     6  -0.05639
   17     7  -0.05684
   17     8  -0.05725
   17     9  -0.05761
   17    10  -0.05793
   17    11  -0.05820
   17    12  -0.05842
   17    13  -0.05859
   17    14  -0.05872
   17    15  -0.05879
   17    16  -0.05882
   17    17  -0.05879
   17    18  -0.05872
   17    19  -0.05859
   17    20  -0.05842
   17    21  -0.05820
   17    22  -0.05793
   17    23  -0.05761
   17    24  -0.05725
   17    25  -0.05684
   17    26  -0.05639
   17    27  -0.05590
   17    28  -0.05538
   17    29  -0.05482
   17    30  -0.05423
   17    31  -0.05365
   17    32  -0.05310
   18     1  -0.05619
   18     2  -0.05675
   18     3  -0.05735
   18     4  -0.05795
   18     5  -0.05852
   18     6  -0.05905
   18     7  -0.05953
   18     8  -0.05997
   18     9  -0.06036
   18    10  -0.06071
   18    11  -0.06100
   18    12  -0.06124
   18    13  -0.06143
   18    14  -0.06157
   18    15  -0.06165
   18    16  -0.06168
   18    17  -0.06165
   18    18  -0.06157
   18    19  -0.06143
   18    20  -0.06124
   18    21  -0.06100
   18    22  -0.06071
   18    23  -0.06036
   18    24  -0.05997
   18    25  -0.05953
   18    26  -0.05904
   18    27  -0.05852
   18    28  -0.05795
   18    29  -0.05735
   18    30  -0.05671
   18    31  -0.05608
   18    32  -0.05548
   19     1  -0.05877
   19     2  -0.05938
   19     3  -0.06004
   19     4  -0.06068
   19     5  -0.06130
   19     6  -0.06187
   19     7  -0.06240
   19     8  -0.06288
   19     9  -0.06331
   19    10  -0.06368
   19    11  -0.06400
   19    12  -0.06427
   19    13  -0.06447
   19    14  -0.06462
   19    15  -0.06472
   19    16  -0.06474
   19    17  -0.06472
   19    18  -0.06462
   19    19  -0.06447
   19    20  -0.06427
   19    21  -0.06400
   19    22  -0.06368
   19    23  -0.06331
   19    24  -0.06288
   19    25  -0.06240
   19    26  -0.06187
   19    27  -0.06130
   19    28  -0.06068
   19    29  -0.06002
   19    30  -0.05934
   19    31  -0.05865
   19    32  -0.05802
   20     1  -0.06153
   20     2  -0.06219
   20     3  -0.06289
   20     4  -0.06360
   20     5  -0.06427
   20     6  -0.06489
   20     7  -0.06547
   20     8  -0.06599
   20     9  -0.06646
   20    10  -0.06687
   20    11  -0.06722
   20    12  -0.06751
   20    13  -0.06774
   20    14  -0.06790
   20    15  -0.06800
   20    16  -0.06803
   20    17  -0.06800
   20    18  -0.06790
   20    19  -0.06774
   20    20  -0.06751
   20    21  -0.06722
   20    22  -0.06687
   20    23  -0.06646
   20    24  -0.06599
   20    25  -0.06547
   20    26  -0.06489
   20    27  -0.06427
   20    28  -0.06360
   20    29  -0.06288
   20    30  -0.06214
   20    31  -0.06140
   20    32  -0.06070
   21     1  -0.06446
   21     2  -0.06518
   21     3  -0.06595
   21     4  -0.06671
   21     5  -0.06744
   21     6  -0.06813
   21     7  -0.06876
   21     8  -0.06933
   21     9  -0.06984
   21    10  -0.07029
   21    11  -0.07068
   21    12  -0.07099
   21    13  -0.07124
   21    14  -0.07142
   21    15  -0.07153
   21    16  -0.07156
   21    17  -0.07153
   21    18  -0.07142
   21    19  -0.07124
   21    20  -0.07099
   21    21  -0.07068
   21    22  -0.07029
   21    23  -0.06984
   21    24  -0.06933
   21    25  -0.06876
   21    26  -0.06813
   21    27  -0.06744
   21    28  -0.06671
   21    29  -0.06593
   21    30  -0.06512
   21    31  -0.06432
   21    32  -0.06356
   22     1  -0.06759
   22     2  -0.06837
   22     3  -0.06921
   22     4  -0.07005
   22     5  -0.07085
   22     6  -0.07160
   22     7  -0.07229
   22     8  -0.07292
   22     9  -0.07348
   22    10  -0.07397
   22    11  -0.07439
   22    12  -0.07474
   22    13  -0.07502
   22    14  -0.07521
   22    15  -0.07533
   22    16  -0.07537
   22    17  -0.07533
   22    18  -0.07521
   22    19  -0.07502
   22    20  -0.07474
   22    21  -0.07439
   22    22  -0.07397
   22    23  -0.07348
   22    24  -0.07292
   22    25  -0.07229
   22    26  -0.07160
   22    27  -0.07085
   22    28  -0.07005
   22    29  -0.06920
   22    30  -0.06831
   22    31  -0.06743
   22    32  -0.06662
   23     1  -0.07094
   23     2  -0.07180
   23     3  -0.07272
   23     4  -0.07363
   23     5  -0.07451
   23     6  -0.07533
   23     7  -0.07609
   23     8  -0.07678
   23     9  -0.07740
   23    10  -0.07794
   23    11  -0.07841
   23    12  -0.07880
   23    13  -0.07910
   23    14  -0.07932
   23    15  -0.07945
   23    16  -0.07949
   23    17  -0.07945
   23    18  -0.07932
   23    19  -0.07910
   23    20  -0.07880
   23    21  -0.07841
   23    22  -0.07794
   23    23  -0.07740
   23    24  -0.07678
   23    25  -0.07609
   23    26  -0.07533
   23    27  -0.07451
   23    28  -0.07363
   23    29  -0.07270
   23    30  -0.07173
   23    31  -0.07077
   23    32  -0.06988
   24     1  -0.07454
   24     2  -0.07548
   24     3  -0.07648
   24     4  -0.07749
   24     5  -0.07845
   24     6  -0.07936
   24     7  -0.08020
   24     8  -0.08096
   24     9  -0.08164
   24    10  -0.08225
   24    11  -0.08276
   24    12  -0.08319
   24    13  -0.08352
   24    14  -0.08376
   24    15  -0.08391
   24    16  -0.08396
   24    17  -0.08391
   24    18  -0.08376
   24    19  -0.08352
   24    20  -0.08319
   24    21  -0.08276
   24    22  -0.08225
   24    23  -0.08164
   24    24  -0.08096
   24    25  -0.08020
   24    26  -0.07936
   24    27  -0.07845
   24    28  -0.07748
   24    29  -0.07646
   24    30  -0.07540
   24    31  -0.07435
   24    32  -0.07338
   25     1  -0.07841
   25     2  -0.07943
   25     3  -0.08054
   25     4  -0.08165
   25     5  -0.08271
   25     6  -0.08372
   25     7  -0.08464
   25     8  -0.08549
   25     9  -0.08625
   25    10  -0.08692
   25    11  -0.08749
   25    12  -0.08797
   25    13  -0.08834
   25    14  -0.08861
   25    15  -0.08877
   25    16  -0.08882
   25    17  -0.08877
   25    18  -0.08861
   25    19  -0.08834
   25    20  -0.08797
   25    21  -0.08749
   25    22  -0.08692
   25    23  -0.08625
   25    24  -0.08549
   25    25  -0.08464
   25    26  -0.08372
   25    27  -0.08271
   25    28  -0.08164
   25    29  -0.08051
   25    30  -0.07935
   25    31  -0.07819
   25    32  -0.07713
   26     1  -0.08257
   26     2  -0.08371
   26     3  -0.08492
   26     4  -0.08615
   26     5  -0.08734
   26     6  -0.08845
   26     7  -0.08948
   26     8  -0.09042
   26     9  -0.09127
   26    10  -0.09202
   26    11  -0.09266
   26    12  -0.09320
   26    13  -0.09361
   26    14  -0.09391
   26    15  -0.09410
   26    16  -0.09416
   26    17  -0.09410
   26    18  -0.09391
   26    19  -0.09361
   26    20  -0.09320
   26    21  -0.09266
   26    22  -0.09202
   26    23  -0.09127
   26    24  -0.09042
   26    25  -0.08948
   26    26  -0.08845
   26    27  -0.08734
   26    28  -0.08615
   26    29  -0.08490
   26    30  -0.08361
   26    31  -0.08233
   26    32  -0.08116
   27     1  -0.08709
   27     2  -0.08833
   27     3  -0.08969
   27     4  -0.09105
   27     5  -0.09237
   27     6  -0.09362
   27     7  -0.09477
   27     8  -0.09583
   27     9  -0.09678
   27    10  -0.09762
   27    11  -0.09835
   27    12  -0.09895
   27    13  -0.09942
   27    14  -0.09976
   27    15  -0.09997
   27    16  -0.10003
   27    17  -0.09997
   27    18  -0.09976
   27    19  -0.09942
   27    20  -0.09895
   27    21  -0.09835
   27    22  -0.09762
   27    23  -0.09678
   27    24  -0.09583
   27    25  -0.09477
   27    26  -0.09361
   27    27  -0.09237
   27    28  -0.09105
   27    29  -0.08966
   27    30  -0.08822
   27    31  -0.08681
   27    32  -0.08552
   28     1  -0.09199
   28     2  -0.09337
   28     3  -0.09488
   28     4  -0.09641
   28     5  -0.09789
   28     6  -0.09928
   28     7  -0.10058
   28     8  -0.10178
   28     9  -0.10286
   28    10  -0.10381
   28    11  -0.10463
   28    12  -0.10532
   28    13  -0.10585
   28    14  -0.10624
   28    15  -0.10647
   28    16  -0.10655
   28    17  -0.10647
   28    18  -0.10624
   28    19  -0.10585
   28    20  -0.10532
   28    21  -0.10463
   28    22  -0.10381
   28    23  -0.10286
   28    24  -0.10178
   28    25  -0.10058
   28    26  -0.09928
   28    27  -0.09788
   28    28  -0.09640
   28    29  -0.09484
   28    30  -0.09325
   28    31  -0.09168
   28    32  -0.09025
   29     1  -0.09735
   29     2  -0.09889
   29     3  -0.10058
   29     4  -0.10230
   29     5  -0.10396
   29     6  -0.10555
   29     7  -0.10702
   29     8  -0.10838
   29     9  -0.10961
   29    10  -0.11070
   29    11  -0.11164
   29    12  -0.11242
   29    13  -0.11304
   29    14  -0.11348
   29    15  -0.11375
   29    16  -0.11384
   29    17  -0.11375
   29    18  -0.11348
   29    19  -0.11304
   29    20  -0.11242
   29    21  -0.11164
   29    22  -0.11070
   29    23  -0.10961
   29    24  -0.10838
   29    25  -0.10702
   29    26  -0.10555
   29    27  -0.10396
   29    28  -0.10228
   29    29  -0.10053
   29    30  -0.09874
   29    31  -0.09699
   29    32  -0.09540
   30     1  -0.10323
   30     2  -0.10496
   30     3  -0.10686
   30     4  -0.10881
   30     5  -0.11070
   30     6  -0.11251
   30     7  -0.11420
   30     8  -0.11577
   30     9  -0.11718
   30    10  -0.11844
   30    11  -0.11953
   30    12  -0.12043
   30    13  -0.12115
   30    14  -0.12167
   30    15  -0.12198
   30    16  -0.12208
   30    17  -0.12198
   30    18  -0.12167
   30    19  -0.12115
   30    20  -0.12043
   30    21  -0.11953
   30    22  -0.11844
   30    23  -0.11718
   30    24  -0.11577
   30    25  -0.11420
   30    26  -0.11251
   30    27  -0.11070
   30    28  -0.10879
   30    29  -0.10681
   30    30  -0.10478
   30    31  -0.10282
   30    32  -0.10104
   31     1  -0.10973
   31     2  -0.11168
   31     3  -0.11384
   31     4  -0.11607
   31     5  -0.11825
   31     6  -0.12034
   31     7  -0.12229
   31     8  -0.12411
   31     9  -0.12576
   31    10  -0.12724
   31    11  -0.12851
   31    12  -0.12958
   31    13  -0.13042
   31    14  -0.13103
   31    15  -0.13140
   31    16  -0.13153
   31    17  -0.13140
   31    18  -0.13103
   31    19  -0.13042
   31    20  -0.12958
   31    21  -0.12851
   31    22  -0.12724
   31    23  -0.12576
   31    24  -0.12411
   31    25  -0.12229
   31    26  -0.12033
   31    27  -0.11825
   31    28  -0.11605
   31    29  -0.11378
   31    30  -0.11147
   31    31  -0.10925
   31    32  -0.10725
   32     1  -0.11698
   32     2  -0.11920
   32     3  -0.12168
   32     4  -0.12425
   32     5  -0.12679
   32     6  -0.12922
   32     7  -0.13153
   32     8  -0.13367
   32     9  -0.13563
   32    10  -0.13738
   32    11  -0.13891
   32    12  -0.14018
   32    13  -0.14120
   32    14  -0.14193
   32    15  -0.14237
   32    16  -0.14253
   32    17  -0.14237
   32    18  -0.14193
   32    19  -0.14120
   32    20  -0.14018
   32    21  -0.13891
   32    22  -0.13738
   32    23  -0.13563
   32    24  -0.13367
   32    25  -0.13153
   32    26  -0.12922
   32    27  -0.12678
   32    28  -0.12423
   32    29  -0.12159
   32    30  -0.11894
   32    31  -0.11640
   32    32  -0.11414
   33     1  -0.12514
   33     2  -0.12769
   33     3  -0.13057
   33     4  -0.13358
   33     5  -0.13658
   33     6  -0.13947
   33     7  -0.14223
   33     8  -0.14481
   33     9  -0.14718
   33    10  -0.14931
   33    11  -0.15117
   33    12  -0.15273
   33    13  -0.15398
   33    14  -0.15488
   33    15  -0.15543
   33    16  -0.15561
   33    17  -0.15543
   33    18  -0.15488
   33    19  -0.15398
   33    20  -0.15273
   33    21  -0.15117
   33    22  -0.14931
   33    23  -0.14718
   33    24  -0.14481
   33    25  -0.14223
   33    26  -0.13947
   33    27  -0.13657
   33    28  -0.13355
   33    29  -0.13047
   33    30  -0.12738
   33    31  -0.12444
   33    32  -0.12185
   34     1  -0.13445
   34     2  -0.13742
   34     3  -0.14081
   34     4  -0.14441
   34     5  -0.14801
   34     6  -0.15152
   34     7  -0.15488
   34     8  -0.15806
   34     9  -0.16099
   34    10  -0.16364
   34    11  -0.16597
   34    12  -0.16794
   34    13  -0.16951
   34    14  -0.17066
   34    15  -0.17135
   34    16  -0.17159
   34    17  -0.17135
   34    18  -0.17066
   34    19  -0.16951
   34    20  -0.16794
   34    21  -0.16597
   34    22  -0.16364
   34    23  -0.16099
   34    24  -0.15806
   34    25  -0.15488
   34    26  -0.15151
   34    27  -0.14799
   34    28  -0.14436
   34    29  -0.14067
   34    30  -0.13702
   34    31  -0.13359
   34    32  -0.13059
   35     1  -0.14524
   35     2  -0.14875
   35     3  -0.15283
   35     4  -0.15719
   35     5  -0.16162
   35     6  -0.16598
   35     7  -0.17020
   35     8  -0.17421
   35     9  -0.17794
   35    10  -0.18134
   35    11  -0.18434
   35    12  -0.18689
   35    13  -0.18892
   35    14  -0.19041
   35    15  -0.19132
   35    16  -0.19163
   35    17  -0.19132
   35    18  -0.19041
   35    19  -0.18892
   35    20  -0.18689
   35    21  -0.18434
   35    22  -0.18134
   35    23  -0.17794
   35    24  -0.17421
   35    25  -0.17020
   35    26  -0.16597
   35    27  -0.16160
   35    28  -0.15713
   35    29  -0.15264
   35    30  -0.14824
   35    31  -0.14415
   35    32  -0.14063
   36     1  -0.15799
   36     2  -0.16222
   36     3  -0.16722
   36     4  -0.17266
   36     5  -0.17824
   36     6  -0.18380
   36     7  -0.18922
   36     8  -0.19442
   36     9  -0.19928
   36    10  -0.20373
   36    11  -0.20767
   36    12  -0.21102
   36    13  -0.21371
   36    14  -0.21568
   36    15  -0.21687
   36    16  -0.21728
   36    17  -0.21687
   36    18  -0.21568
   36    19  -0.21371
   36    20  -0.21102
   36    21  -0.20767
   36    22  -0.20373
   36    23  -0.19928
   36    24  -0.19442
   36    25  -0.18922
   36    26  -0.18379
   36    27  -0.17821
   36    28  -0.17257
   36    29  -0.16696
   36    30  -0.16154
   36    31  -0.15658
   36    32  -0.15237
   37     1  -0.17341
   37     2  -0.17863
   37     3  -0.18490
   37     4  -0.19182
   37     5  -0.19902
   37     6  -0.20624
   37     7  -0.21332
   37     8  -0.22012
   37     9  -0.22650
   37    10  -0.23230
   37    11  -0.23744
   37    12  -0.24177
   37    13  -0.24524
   37    14  -0.24777
   37    15  -0.24929
   37    16  -0.24980
   37    17  -0.24929
   37    18  -0.24777
   37    19  -0.24524
   37    20  -0.24177
   37    21  -0.23744
   37    22  -0.23230
   37    23  -0.22650
   37    24  -0.22012
   37    25  -0.21332
   37    26  -0.20623
   37    27  -0.19897
   37    28  -0.19168
   37    29  -0.18452
   37    30  -0.17768
   37    31  -0.17152
   37    32  -0.16639
   38     1  -0.19249
   38     2  -0.19904
   38     3  -0.20704
   38     4  -0.21598
   38     5  -0.22529
   38     6  -0.23464
   38     7  -0.24375
   38     8  -0.25239
   38     9  -0.26039
   38    10  -0.26754
   38    11  -0.27378
   38    12  -0.27900
   38    13  -0.28310
   38    14  -0.28607
   38    15  -0.28787
   38    16  -0.28847
   38    17  -0.28787
   38    18  -0.28607
   38    19  -0.28310
   38    20  -0.27900
   38    21  -0.27378
   38    22  -0.26754
   38    23  -0.26039
   38    24  -0.25238
   38    25  -0.24374
   38    26  -0.23462
   38    27  -0.22522
   38    28  -0.21577
   38    29  -0.20648
   38    30  -0.19771
   38    31  -0.18990
   38    32  -0.18353
   39     1  -0.21647
   39     2  -0.22472
   39     3  -0.23486
   39     4  -0.24617
   39     5  -0.25783
   39     6  -0.26929
   39     7  -0.28018
   39     8  -0.29028
   39     9  -0.29947
   39    10  -0.30764
   39    11  -0.31474
   39    12  -0.32070
   39    13  -0.32542
   39    14  -0.32889
   39    15  -0.33100
   39    16  -0.33170
   39    17  -0.33100
   39    18  -0.32889
   39    19  -0.32542
   39    20  -0.32070
   39    21  -0.31474
   39    22  -0.30764
   39    23  -0.29947
   39    24  -0.29028
   39    25  -0.28017
   39    26  -0.26926
   39    27  -0.25773
   39    28  -0.24587
   39    29  -0.23407
   39    30  -0.22285
   39    31  -0.21291
   39    32  -0.20489
   40     1  -0.24628
   40     2  -0.25633
   40     3  -0.26858
   40     4  -0.28189
   40     5  -0.29533
   40     6  -0.30833
   40     7  -0.32071
   40     8  -0.33240
   40     9  -0.34328
   40    10  -0.35319
   40    11  -0.36190
   40    12  -0.36929
   40    13  -0.37515
   40    14  -0.37937
   40    15  -0.38191
   40    16  -0.38275
   40    17  -0.38191
   40    18  -0.37937
   40    19  -0.37515
   40    20  -0.36929
   40    21  -0.36190
   40    22  -0.35318
   40    23  -0.34327
   40    24  -0.33239
   40    25  -0.32070
   40    26  -0.30829
   40    27  -0.29519
   40    28  -0.28151
   40    29  -0.26752
   40    30  -0.25386
   40    31  -0.24155
   40    32  -0.23161
   41     1  -0.28122
   41     2  -0.29261
   41     3  -0.30635
   41     4  -0.32138
   41     5  -0.33691
   41     6  -0.35248
   41     7  -0.36765
   41     8  -0.38191
   41     9  -0.39472
   41    10  -0.40566
   41    11  -0.41474
   41    12  -0.42191
   41    13  -0.42740
   41    14  -0.43127
   41    15  -0.43354
   41    16  -0.43429
   41    17  -0.43354
   41    18  -0.43127
   41    19  -0.42740
   41    20  -0.42191
   41    21  -0.41473
   41    22  -0.40566
   41    23  -0.39472
   41    24  -0.38191
   41    25  -0.36763
   41    26  -0.35243
   41    27  -0.33674
   41    28  -0.32092
   41    29  -0.30512
   41    30  -0.28969
   41    31  -0.27555
   41    32  -0.26391
   42     1  -0.31951
   42     2  -0.33250
   42     3  -0.34867
   42     4  -0.36689
   42     5  -0.38561
   42     6  -0.40325
   42     7  -0.41874
   42     8  -0.43203
   42     9  -0.44332
   42    10  -0.45311
   42    11  -0.46172
   42    12  -0.46911
   42    13  -0.47512
   42    14  -0.47952
   42    15  -0.48224
   42    16  -0.48316
   42    17  -0.48224
   42    18  -0.47952
   42    19  -0.47512
   42    20  -0.46911
   42    21  -0.46172
   42    22  -0.45311
   42    23  -0.44332
   42    24  -0.43203
   42    25  -0.41873
   42    26  -0.40319
   42    27  -0.38540
   42    28  -0.36627
   42    29  -0.34710
   42    30  -0.32904
   42    31  -0.31304
   42    32  -0.30008
   43     1  -0.36341
   43     2  -0.37888
   43     3  -0.39743
   43     4  -0.41634
   43     5  -0.43375
   43     6  -0.44935
   43     7  -0.46416
   43     8  -0.47863
   43     9  -0.49267
   43    10  -0.50590
   43    11  -0.51788
   43    12  -0.52825
   43    13  -0.53659
   43    14  -0.54278
   43    15  -0.54658
   43    16  -0.54786
   43    17  -0.54658
   43    18  -0.54278
   43    19  -0.53659
   43    20  -0.52825
   43    21  -0.51788
   43    22  -0.50590
   43    23  -0.49267
   43    24  -0.47863
   43    25  -0.46415
   43    26  -0.44931
   43    27  -0.43360
   43    28  -0.41580
   43    29  -0.39570
   43    30  -0.37462
   43    31  -0.35536
   43    32  -0.33999
   44     1  -0.41052
   44     2  -0.42553
   44     3  -0.44233
   44     4  -0.46003
   44     5  -0.47887
   44     6  -0.49873
   44     7  -0.51903
   44     8  -0.53905
   44     9  -0.55815
   44    10  -0.57594
   44    11  -0.59171
   44    12  -0.60504
   44    13  -0.61557
   44    14  -0.62314
   44    15  -0.62766
   44    16  -0.62916
   44    17  -0.62766
   44    18  -0.62314
   44    19  -0.61557
   44    20  -0.60504
   44    21  -0.59171
   44    22  -0.57594
   44    23  -0.55815
   44    24  -0.53904
   44    25  -0.51901
   44    26  -0.49868
   44    27  -0.47869
   44    28  -0.45956
   44    29  -0.44102
   44    30  -0.42199
   44    31  -0.40286
   44    32  -0.38601
   45     1  -0.45164
   45     2  -0.46754
   45     3  -0.48759
   45     4  -0.51118
   45     5  -0.53695
   45     6  -0.56364
   45     7  -0.59029
   45     8  -0.61559
   45     9  -0.63818
   45    10  -0.65704
   45    11  -0.67207
   45    12  -0.68344
   45    13  -0.69171
   45    14  -0.69735
   45    15  -0.70064
   45    16  -0.70172
   45    17  -0.70064
   45    18  -0.69735
   45    19  -0.69171
   45    20  -0.68344
   45    21  -0.67207
   45    22  -0.65704
   45    23  -0.63818
   45    24  -0.61558
   45    25  -0.59027
   45    26  -0.56356
   45    27  -0.53669
   45    28  -0.51049
   45    29  -0.48590
   45    30  -0.46395
   45    31  -0.44520
   45    32  -0.42943
   46     1  -0.49868
   46     2  -0.51971
   46     3  -0.54647
   46     4  -0.57734
   46     5  -0.60999
   46     6  -0.64126
   46     7  -0.66811
   46     8  -0.68941
   46     9  -0.70601
   46    10  -0.71949
   46    11  -0.73095
   46    12  -0.74082
   46    13  -0.74906
   46    14  -0.75521
   46    15  -0.75905
   46    16  -0.76035
   46    17  -0.75905
   46    18  -0.75521
   46    19  -0.74906
   46    20  -0.74082
   46    21  -0.73095
   46    22  -0.71949
   46    23  -0.70601
   46    24  -0.68941
   46    25  -0.66809
   46    26  -0.64117
   46    27  -0.60967
   46    28  -0.57638
   46    29  -0.54406
   46    30  -0.51449
   46    31  -0.48950
   46    32  -0.47018
   47     1  -0.55920
   47     2  -0.58568
   47     3  -0.61847
   47     4  -0.65270
   47     5  -0.68253
   47     6  -0.70607
   47     7  -0.72575
   47     8  -0.74431
   47     9  -0.76301
   47    10  -0.78137
   47    11  -0.79830
   47    12  -0.81305
   47    13  -0.82507
   47    14  -0.83387
   47    15  -0.83922
   47    16  -0.84102
   47    17  -0.83922
   47    18  -0.83387
   47    19  -0.82507
   47    20  -0.81305
   47    21  -0.79830
   47    22  -0.78137
   47    23  -0.76301
   47    24  -0.74431
   47    25  -0.72574
   47    26  -0.70603
   47    27  -0.68231
   47    28  -0.65180
   47    29  -0.61560
   47    30  -0.57890
   47    31  -0.54680
   47    32  -0.52157
   48     1  -0.62945
   48     2  -0.65734
   48     3  -0.68634
   48     4  -0.71194
   48     5  -0.73544
   48     6  -0.76041
   48     7  -0.78739
   48     8  -0.81475
   48     9  -0.84102
   48    10  -0.86527
   48    11  -0.88674
   48    12  -0.90505
   48    13  -0.91981
   48    14  -0.93046
   48    15  -0.93702
   48    16  -0.93923
   48    17  -0.93702
   48    18  -0.93046
   48    19  -0.91981
   48    20  -0.90505
   48    21  -0.88674
   48    22  -0.86527
   48    23  -0.84102
   48    24  -0.81474
   48    25  -0.78738
   48    26  -0.76037
   48    27  -0.73530
   48    28  -0.71148
   48    29  -0.68449
   48    30  -0.65124
   48    31  -0.61586
   48    32  -0.58553
   49     1  -0.68904
   49     2  -0.71142
   49     3  -0.73603
   49     4  -0.76506
   49     5  -0.79852
   49     6  -0.83391
   49     7  -0.86912
   49     8  -0.90298
   49     9  -0.93484
   49    10  -0.96439
   49    11  -0.99129
   49    12  -1.01473
   49    13  -1.03419
   49    14  -1.04871
   49    15  -1.05766
   49    16  -1.06067
   49    17  -1.05766
   49    18  -1.04871
   49    19  -1.03419
   49    20  -1.01473
   49    21  -0.99129
   49    22  -0.96439
   49    23  -0.93484
   49    24  -0.90298
   49    25  -0.86911
   49    26  -0.83388
   49    27  -0.79836
   49    28  -0.76456
   49    29  -0.73482
   49    30  -0.70827
   49    31  -0.68087
   49    32  -0.65321
   50     1  -0.73432
   50     2  -0.76144
   50     3  -0.79613
   50     4  -0.83643
   50     5  -0.87903
   50     6  -0.92199
   50     7  -0.96441
   50     8  -1.00676
   50     9  -1.04873
   50    10  -1.08874
   50    11  -1.12519
   50    12  -1.15517
   50    13  -1.17723
   50    14  -1.19323
   50    15  -1.20281
   50    16  -1.20600
   50    17  -1.20281
   50    18  -1.19323
   50    19  -1.17723
   50    20  -1.15517
   50    21  -1.12519
   50    22  -1.08874
   50    23  -1.04873
   50    24  -1.00676
   50    25  -0.96440
   50    26  -0.92195
   50    27  -0.87887
   50    28  -0.83586
   50    29  -0.79437
   50    30  -0.75751
   50    31  -0.72781
   50    32  -0.70384
   51     1  -0.79152
   51     2  -0.82783
   51     3  -0.87188
   51     4  -0.92066
   51     5  -0.97177
   51     6  -1.02575
   51     7  -1.08237
   51     8  -1.13880
   51     9  -1.18682
   51    10  -1.22876
   51    11  -1.26411
   51    12  -1.29258
   51    13  -1.31453
   51    14  -1.33022
   51    15  -1.33975
   51    16  -1.34292
   51    17  -1.33975
   51    18  -1.33022
   51    19  -1.31453
   51    20  -1.29258
   51    21  -1.26411
   51    22  -1.22876
   51    23  -1.18682
   51    24  -1.13880
   51    25  -1.08235
   51    26  -1.02569
   51    27  -0.97157
   51    28  -0.92002
   51    29  -0.86992
   51    30  -0.82266
   51    31  -0.78147
   51    32  -0.74908
   52     1  -0.86199
   52     2  -0.90596
   52     3  -0.95848
   52     4  -1.01873
   52     5  -1.08596
   52     6  -1.15523
   52     7  -1.21581
   52     8  -1.27036
   52     9  -1.31763
   52    10  -1.35877
   52    11  -1.39398
   52    12  -1.42379
   52    13  -1.44730
   52    14  -1.46489
   52    15  -1.47578
   52    16  -1.47947
   52    17  -1.47578
   52    18  -1.46489
   52    19  -1.44730
   52    20  -1.42379
   52    21  -1.39398
   52    22  -1.35877
   52    23  -1.31763
   52    24  -1.27035
   52    25  -1.21580
   52    26  -1.15518
   52    27  -1.08562
   52    28  -1.01778
   52    29  -0.95603
   52    30  -0.89984
   52    31  -0.84957
   52    32  -0.80834
   53     1  -0.94229
   53     2  -0.99570
   53     3  -1.06282
   53     4  -1.14050
   53     5  -1.21280
   53     6  -1.27985
   53     7  -1.33977
   53     8  -1.39399
   53     9  -1.44384
   53    10  -1.49064
   53    11  -1.53440
   53    12  -1.57382
   53    13  -1.60708
   53    14  -1.63190
   53    15  -1.64969
   53    16  -1.65479
   53    17  -1.64969
   53    18  -1.63190
   53    19  -1.60708
   53    20  -1.57382
   53    21  -1.53440
   53    22  -1.49064
   53    23  -1.44384
   53    24  -1.39398
   53    25  -1.33975
   53    26  -1.27979
   53    27  -1.21258
   53    28  -1.13924
   53    29  -1.05919
   53    30  -0.98773
   53    31  -0.92754
   53    32  -0.87836
   54     1  -1.03795
   54     2  -1.10528
   54     3  -1.18110
   54     4  -1.25884
   54     5  -1.33058
   54     6  -1.39730
   54     7  -1.46134
   54     8  -1.52609
   54     9  -1.59251
   54    10  -1.65988
   54    11  -1.71919
   54    12  -1.77122
   54    13  -1.81373
   54    14  -1.84514
   54    15  -1.86454
   54    16  -1.87110
   54    17  -1.86454
   54    18  -1.84514
   54    19  -1.81373
   54    20  -1.77122
   54    21  -1.71919
   54    22  -1.65988
   54    23  -1.59251
   54    24  -1.52609
   54    25  -1.46133
   54    26  -1.39723
   54    27  -1.33032
   54    28  -1.25807
   54    29  -1.17826
   54    30  -1.09460
   54    31  -1.01771
   54    32  -0.95765
   55     1  -1.14331
   55     2  -1.21531
   55     3  -1.29320
   55     4  -1.36951
   55     5  -1.44413
   55     6  -1.52208
   55     7  -1.60709
   55     8  -1.69704
   55     9  -1.78320
   55    10  -1.86456
   55    11  -1.93799
   55    12  -2.00175
   55    13  -2.05352
   55    14  -2.09159
   55    15  -2.11554
   55    16  -2.12362
   55    17  -2.11554
   55    18  -2.09159
   55    19  -2.05352
   55    20  -2.00175
   55    21  -1.93799
   55    22  -1.86456
   55    23  -1.78321
   55    24  -1.69704
   55    25  -1.60709
   55    26  -1.52204
   55    27  -1.44392
   55    28  -1.36873
   55    29  -1.29072
   55    30  -1.20701
   55    31  -1.12524
   55    32  -1.05188
   56     1  -1.24606
   56     2  -1.31888
   56     3  -1.39730
   56     4  -1.48014
   56     5  -1.57400
   56     6  -1.68090
   56     7  -1.78924
   56     8  -1.89750
   56     9  -2.00172
   56    10  -2.09962
   56    11  -2.19079
   56    12  -2.27161
   56    13  -2.33911
   56    14  -2.39029
   56    15  -2.42226
   56    16  -2.43319
   56    17  -2.42226
   56    18  -2.39029
   56    19  -2.33911
   56    20  -2.27161
   56    21  -2.19079
   56    22  -2.09963
   56    23  -2.00173
   56    24  -1.89751
   56    25  -1.78924
   56    26  -1.68089
   56    27  -1.57387
   56    28  -1.47975
   56    29  -1.39518
   56    30  -1.31230
   56    31  -1.22881
   56    32  -1.15113
   57     1  -1.33810
   57     2  -1.41542
   57     3  -1.50475
   57     4  -1.61254
   57     5  -1.73620
   57     6  -1.86448
   57     7  -1.99450
   57     8  -2.12375
   57     9  -2.25304
   57    10  -2.37997
   57    11  -2.50202
   57    12  -2.61615
   57    13  -2.71632
   57    14  -2.79654
   57    15  -2.84808
   57    16  -2.86574
   57    17  -2.84808
   57    18  -2.79654
   57    19  -2.71632
   57    20  -2.61615
   57    21  -2.50202
   57    22  -2.37997
   57    23  -2.25304
   57    24  -2.12375
   57    25  -1.99451
   57    26  -1.86449
   57    27  -1.73615
   57    28  -1.61210
   57    29  -1.50310
   57    30  -1.41073
   57    31  -1.32575
   57    32  -1.24776
   58     1  -1.42533
   58     2  -1.51764
   58     3  -1.63680
   58     4  -1.77152
   58     5  -1.91754
   58     6  -2.06877
   58     7  -2.22579
   58     8  -2.39038
   58     9  -2.56343
   58    10  -2.74685
   58    11  -2.94003
   58    12  -3.12145
   58    13  -3.27388
   58    14  -3.38903
   58    15  -3.46228
   58    16  -3.48429
   58    17  -3.46228
   58    18  -3.38903
   58    19  -3.27388
   58    20  -3.12145
   58    21  -2.94003
   58    22  -2.74685
   58    23  -2.56343
   58    24  -2.39038
   58    25  -2.22580
   58    26  -2.06877
   58    27  -1.91750
   58    28  -1.77117
   58    29  -1.63246
   58    30  -1.51275
   58    31  -1.41597
   58    32  -1.33364
   59     1  -1.52246
   59     2  -1.64279
   59     3  -1.78521
   59     4  -1.94505
   59     5  -2.11552
   59     6  -2.29980
   59     7  -2.50174
   59     8  -2.73085
   59     9  -2.99836
   59    10  -3.27274
   59    11  -3.52747
   59    12  -3.75414
   59    13  -3.96788
   59    14  -4.12781
   59    15  -4.22539
   59    16  -4.25811
   59    17  -4.22539
   59    18  -4.12781
   59    19  -3.96788
   59    20  -3.75414
   59    21  -3.52747
   59    22  -3.27274
   59    23  -2.99836
   59    24  -2.73085
   59    25  -2.50174
   59    26  -2.29978
   59    27  -2.11546
   59    28  -1.94468
   59    29  -1.78339
   59    30  -1.63683
   59    31  -1.51014
   59    32  -1.41357
   60     1  -1.63927
   60     2  -1.78010
   60     3  -1.94668
   60     4  -2.13191
   60     5  -2.33890
   60     6  -2.57549
   60     7  -2.86346
   60     8  -3.20549
   60     9  -3.54971
   60    10  -3.90564
   60    11  -4.25613
   60    12  -4.56026
   60    13  -4.82703
   60    14  -5.03920
   60    15  -5.17484
   60    16  -5.22143
   60    17  -5.17484
   60    18  -5.03920
   60    19  -4.82703
   60    20  -4.56026
   60    21  -4.25613
   60    22  -3.90564
   60    23  -3.54971
   60    24  -3.20549
   60    25  -2.86346
   60    26  -2.57546
   60    27  -2.33880
   60    28  -2.13152
   60    29  -1.94476
   60    30  -1.77301
   60    31  -1.62317
   60    32  -1.49934
   61     1  -1.76315
   61     2  -1.92596
   61     3  -2.11685
   61     4  -2.33885
   61     5  -2.60056
   61     6  -2.93443
   61     7  -3.33619
   61     8  -3.75124
   61     9  -4.22246
   61    10  -4.67022
   61    11  -5.12709
   61    12  -5.55782
   61    13  -5.91985
   61    14  -6.19138
   61    15  -6.35746
   61    16  -6.41366
   61    17  -6.35746
   61    18  -6.19138
   61    19  -5.91985
   61    20  -5.55782
   61    21  -5.12709
   61    22  -4.67022
   61    23  -4.22246
   61    24  -3.75124
   61    25  -3.33619
   61    26  -2.93440
   61    27  -2.60040
   61    28  -2.33839
   61    29  -2.11496
   61    30  -1.91871
   61    31  -1.74446
   61    32  -1.60071
   62     1  -1.88969
   62     2  -2.07439
   62     3  -2.29988
   62     4  -2.57250
   62     5  -2.92561
   62     6  -3.37319
   62     7  -3.86263
   62     8  -4.41545
   62     9  -4.98981
   62    10  -5.60587
   62    11  -6.19034
   62    12  -6.69849
   62    13  -7.11634
   62    14  -7.42655
   62    15  -7.61609
   62    16  -7.67983
   62    17  -7.61609
   62    18  -7.42655
   62    19  -7.11634
   62    20  -6.69849
   62    21  -6.19034
   62    22  -5.60587
   62    23  -4.98981
   62    24  -4.41545
   62    25  -3.86263
   62    26  -3.37318
   62    27  -2.92541
   62    28  -2.57184
   62    29  -2.29793
   62    30  -2.06807
   62    31  -1.87107
   62    32  -1.70579
   63     1  -2.01311
   63     2  -2.22731
   63     3  -2.49580
   63     4  -2.83871
   63     5  -3.30418
   63     6  -3.83619
   63     7  -4.46715
   63     8  -5.14814
   63     9  -5.90273
   63    10  -6.63098
   63    11  -7.29442
   63    12  -7.86531
   63    13  -8.30001
   63    14  -8.58385
   63    15  -8.74905
   63    16  -8.80281
   63    17  -8.74905
   63    18  -8.58385
   63    19  -8.30001
   63    20  -7.86531
   63    21  -7.29442
   63    22  -6.63098
   63    23  -5.90274
   63    24  -5.14815
   63    25  -4.46715
   63    26  -3.83621
   63    27  -3.30406
   63    28  -2.83782
   63    29  -2.49342
   63    30  -2.22044
   63    31  -1.99547
   63    32  -1.81014
   64     1  -2.13211
   64     2  -2.38120
   64     3  -2.69972
   64     4  -3.13090
   64     5  -3.69109
   64     6  -4.35464
   64     7  -5.09776
   64     8  -5.96487
   64     9  -6.83495
   64    10  -7.64607
   64    11  -8.34738
   64    12  -8.84449
   64    13  -9.17584
   64    14  -9.36171
   64    15  -9.45022
   64    16  -9.47584
   64    17  -9.45022
   64    18  -9.36171
   64    19  -9.17584
   64    20  -8.84449
   64    21  -8.34738
   64    22  -7.64607
   64    23  -6.83495
   64    24  -5.96488
   64    25  -5.09776
   64    26  -4.35465
   64    27  -3.69103
   64    28  -3.12996
   64    29  -2.69667
   64    30  -2.37376
   64    31  -2.11450
   64    32  -1.90769
