ZONE T="Profile(t,x)_from_xy.dat"
I= 64,J= 10,K=1,F=POINT
    1   1    -0.125 
    1   2    -0.129 
    1   3    -0.133 
    1   4    -0.137 
    1   5    -0.141 
    1   6    -0.146 
    1   7    -0.150 
    1   8    -0.155 
    1   9    -0.160 
    1  10    -0.166 
    1  11    -0.171 
    1  12    -0.177 
    1  13    -0.184 
    1  14    -0.190 
    1  15    -0.197 
    1  16    -0.204 
    1  17    -0.212 
    1  18    -0.220 
    1  19    -0.228 
    1  20    -0.237 
    1  21    -0.246 
    1  22    -0.256 
    1  23    -0.267 
    1  24    -0.278 
    1  25    -0.290 
    1  26    -0.303 
    1  27    -0.316 
    1  28    -0.330 
    1  29    -0.345 
    1  30    -0.362 
    1  31    -0.379 
    1  32    -0.398 
    1  33    -0.418 
    1  34    -0.439 
    1  35    -0.462 
    1  36    -0.487 
    1  37    -0.514 
    1  38    -0.543 
    1  39    -0.574 
    1  40    -0.608 
    1  41    -0.645 
    1  42    -0.685 
    1  43    -0.729 
    1  44    -0.777 
    1  45    -0.829 
    1  46    -0.886 
    1  47    -0.949 
    1  48    -1.018 
    1  49    -1.094 
    1  50    -1.179 
    1  51    -1.272 
    1  52    -1.375 
    1  53    -1.489 
    1  54    -1.615 
    1  55    -1.755 
    1  56    -1.909 
    1  57    -2.080 
    1  58    -2.268 
    1  59    -2.475 
    1  60    -2.700 
    1  61    -2.942 
    1  62    -3.202 
    1  63    -3.476 
    1  64    -3.759 
    2   1    -0.001 
    2   2    -0.001 
    2   3    -0.001 
    2   4    -0.001 
    2   5    -0.001 
    2   6    -0.002 
    2   7    -0.002 
    2   8    -0.002 
    2   9    -0.003 
    2  10    -0.003 
    2  11    -0.003 
    2  12    -0.004 
    2  13    -0.004 
    2  14    -0.005 
    2  15    -0.005 
    2  16    -0.006 
    2  17    -0.006 
    2  18    -0.007 
    2  19    -0.008 
    2  20    -0.008 
    2  21    -0.009 
    2  22    -0.010 
    2  23    -0.011 
    2  24    -0.011 
    2  25    -0.012 
    2  26    -0.013 
    2  27    -0.015 
    2  28    -0.016 
    2  29    -0.017 
    2  30    -0.018 
    2  31    -0.020 
    2  32    -0.022 
    2  33    -0.023 
    2  34    -0.025 
    2  35    -0.028 
    2  36    -0.030 
    2  37    -0.033 
    2  38    -0.035 
    2  39    -0.039 
    2  40    -0.042 
    2  41    -0.046 
    2  42    -0.051 
    2  43    -0.056 
    2  44    -0.061 
    2  45    -0.067 
    2  46    -0.074 
    2  47    -0.082 
    2  48    -0.092 
    2  49    -0.102 
    2  50    -0.114 
    2  51    -0.127 
    2  52    -0.143 
    2  53    -0.160 
    2  54    -0.180 
    2  55    -0.203 
    2  56    -0.230 
    2  57    -0.259 
    2  58    -0.293 
    2  59    -0.330 
    2  60    -0.372 
    2  61    -0.417 
    2  62    -0.465 
    2  63    -0.510 
    2  64    -0.545 
    3   1    -0.033 
    3   2    -0.034 
    3   3    -0.035 
    3   4    -0.036 
    3   5    -0.037 
    3   6    -0.039 
    3   7    -0.040 
    3   8    -0.042 
    3   9    -0.043 
    3  10    -0.045 
    3  11    -0.047 
    3  12    -0.049 
    3  13    -0.051 
    3  14    -0.053 
    3  15    -0.055 
    3  16    -0.057 
    3  17    -0.060 
    3  18    -0.062 
    3  19    -0.065 
    3  20    -0.068 
    3  21    -0.071 
    3  22    -0.074 
    3  23    -0.078 
    3  24    -0.082 
    3  25    -0.085 
    3  26    -0.090 
    3  27    -0.094 
    3  28    -0.099 
    3  29    -0.104 
    3  30    -0.110 
    3  31    -0.115 
    3  32    -0.122 
    3  33    -0.129 
    3  34    -0.136 
    3  35    -0.144 
    3  36    -0.153 
    3  37    -0.162 
    3  38    -0.173 
    3  39    -0.184 
    3  40    -0.196 
    3  41    -0.210 
    3  42    -0.225 
    3  43    -0.241 
    3  44    -0.259 
    3  45    -0.279 
    3  46    -0.301 
    3  47    -0.326 
    3  48    -0.353 
    3  49    -0.384 
    3  50    -0.418 
    3  51    -0.457 
    3  52    -0.500 
    3  53    -0.549 
    3  54    -0.604 
    3  55    -0.666 
    3  56    -0.735 
    3  57    -0.813 
    3  58    -0.899 
    3  59    -0.996 
    3  60    -1.102 
    3  61    -1.218 
    3  62    -1.341 
    3  63    -1.465 
    3  64    -1.582 
    4   1    -0.040 
    4   2    -0.042 
    4   3    -0.043 
    4   4    -0.045 
    4   5    -0.046 
    4   6    -0.048 
    4   7    -0.050 
    4   8    -0.051 
    4   9    -0.053 
    4  10    -0.055 
    4  11    -0.058 
    4  12    -0.060 
    4  13    -0.062 
    4  14    -0.065 
    4  15    -0.067 
    4  16    -0.070 
    4  17    -0.073 
    4  18    -0.076 
    4  19    -0.079 
    4  20    -0.083 
    4  21    -0.086 
    4  22    -0.090 
    4  23    -0.094 
    4  24    -0.099 
    4  25    -0.103 
    4  26    -0.108 
    4  27    -0.114 
    4  28    -0.119 
    4  29    -0.125 
    4  30    -0.132 
    4  31    -0.139 
    4  32    -0.146 
    4  33    -0.154 
    4  34    -0.163 
    4  35    -0.173 
    4  36    -0.183 
    4  37    -0.194 
    4  38    -0.206 
    4  39    -0.219 
    4  40    -0.234 
    4  41    -0.250 
    4  42    -0.267 
    4  43    -0.286 
    4  44    -0.308 
    4  45    -0.332 
    4  46    -0.358 
    4  47    -0.388 
    4  48    -0.422 
    4  49    -0.461 
    4  50    -0.506 
    4  51    -0.559 
    4  52    -0.622 
    4  53    -0.696 
    4  54    -0.782 
    4  55    -0.882 
    4  56    -0.990 
    4  57    -1.101 
    4  58    -1.212 
    4  59    -1.320 
    4  60    -1.427 
    4  61    -1.538 
    4  62    -1.654 
    4  63    -1.774 
    4  64    -1.893 
    5   1    -0.031 
    5   2    -0.032 
    5   3    -0.034 
    5   4    -0.035 
    5   5    -0.036 
    5   6    -0.038 
    5   7    -0.039 
    5   8    -0.041 
    5   9    -0.042 
    5  10    -0.044 
    5  11    -0.046 
    5  12    -0.048 
    5  13    -0.050 
    5  14    -0.052 
    5  15    -0.054 
    5  16    -0.056 
    5  17    -0.058 
    5  18    -0.061 
    5  19    -0.064 
    5  20    -0.067 
    5  21    -0.070 
    5  22    -0.073 
    5  23    -0.076 
    5  24    -0.080 
    5  25    -0.084 
    5  26    -0.088 
    5  27    -0.093 
    5  28    -0.097 
    5  29    -0.103 
    5  30    -0.108 
    5  31    -0.114 
    5  32    -0.120 
    5  33    -0.127 
    5  34    -0.135 
    5  35    -0.143 
    5  36    -0.152 
    5  37    -0.162 
    5  38    -0.173 
    5  39    -0.185 
    5  40    -0.198 
    5  41    -0.213 
    5  42    -0.230 
    5  43    -0.250 
    5  44    -0.273 
    5  45    -0.299 
    5  46    -0.332 
    5  47    -0.371 
    5  48    -0.419 
    5  49    -0.478 
    5  50    -0.550 
    5  51    -0.634 
    5  52    -0.725 
    5  53    -0.817 
    5  54    -0.911 
    5  55    -1.015 
    5  56    -1.133 
    5  57    -1.256 
    5  58    -1.376 
    5  59    -1.494 
    5  60    -1.613 
    5  61    -1.736 
    5  62    -1.861 
    5  63    -1.976 
    5  64    -2.078 
    6   1    -0.022 
    6   2    -0.023 
    6   3    -0.024 
    6   4    -0.025 
    6   5    -0.026 
    6   6    -0.027 
    6   7    -0.028 
    6   8    -0.029 
    6   9    -0.031 
    6  10    -0.032 
    6  11    -0.033 
    6  12    -0.035 
    6  13    -0.036 
    6  14    -0.038 
    6  15    -0.040 
    6  16    -0.042 
    6  17    -0.044 
    6  18    -0.046 
    6  19    -0.048 
    6  20    -0.050 
    6  21    -0.053 
    6  22    -0.055 
    6  23    -0.058 
    6  24    -0.061 
    6  25    -0.064 
    6  26    -0.068 
    6  27    -0.072 
    6  28    -0.076 
    6  29    -0.080 
    6  30    -0.085 
    6  31    -0.090 
    6  32    -0.096 
    6  33    -0.102 
    6  34    -0.109 
    6  35    -0.116 
    6  36    -0.125 
    6  37    -0.135 
    6  38    -0.146 
    6  39    -0.159 
    6  40    -0.174 
    6  41    -0.192 
    6  42    -0.214 
    6  43    -0.241 
    6  44    -0.276 
    6  45    -0.320 
    6  46    -0.376 
    6  47    -0.447 
    6  48    -0.531 
    6  49    -0.622 
    6  50    -0.710 
    6  51    -0.791 
    6  52    -0.872 
    6  53    -0.948 
    6  54    -1.014 
    6  55    -1.072 
    6  56    -1.135 
    6  57    -1.204 
    6  58    -1.277 
    6  59    -1.348 
    6  60    -1.426 
    6  61    -1.529 
    6  62    -1.652 
    6  63    -1.776 
    6  64    -1.893 
    7   1    -0.015 
    7   2    -0.015 
    7   3    -0.016 
    7   4    -0.017 
    7   5    -0.018 
    7   6    -0.018 
    7   7    -0.019 
    7   8    -0.020 
    7   9    -0.021 
    7  10    -0.022 
    7  11    -0.023 
    7  12    -0.025 
    7  13    -0.026 
    7  14    -0.027 
    7  15    -0.029 
    7  16    -0.030 
    7  17    -0.032 
    7  18    -0.033 
    7  19    -0.035 
    7  20    -0.037 
    7  21    -0.039 
    7  22    -0.041 
    7  23    -0.044 
    7  24    -0.046 
    7  25    -0.049 
    7  26    -0.052 
    7  27    -0.055 
    7  28    -0.059 
    7  29    -0.063 
    7  30    -0.067 
    7  31    -0.072 
    7  32    -0.078 
    7  33    -0.084 
    7  34    -0.091 
    7  35    -0.099 
    7  36    -0.109 
    7  37    -0.120 
    7  38    -0.134 
    7  39    -0.151 
    7  40    -0.172 
    7  41    -0.199 
    7  42    -0.235 
    7  43    -0.281 
    7  44    -0.342 
    7  45    -0.417 
    7  46    -0.504 
    7  47    -0.589 
    7  48    -0.662 
    7  49    -0.725 
    7  50    -0.782 
    7  51    -0.828 
    7  52    -0.873 
    7  53    -0.929 
    7  54    -0.991 
    7  55    -1.056 
    7  56    -1.145 
    7  57    -1.257 
    7  58    -1.376 
    7  59    -1.484 
    7  60    -1.562 
    7  61    -1.602 
    7  62    -1.627 
    7  63    -1.674 
    7  64    -1.753 
    8   1    -0.009 
    8   2    -0.010 
    8   3    -0.010 
    8   4    -0.011 
    8   5    -0.011 
    8   6    -0.012 
    8   7    -0.013 
    8   8    -0.014 
    8   9    -0.014 
    8  10    -0.015 
    8  11    -0.016 
    8  12    -0.017 
    8  13    -0.018 
    8  14    -0.019 
    8  15    -0.020 
    8  16    -0.022 
    8  17    -0.023 
    8  18    -0.024 
    8  19    -0.026 
    8  20    -0.028 
    8  21    -0.029 
    8  22    -0.031 
    8  23    -0.033 
    8  24    -0.036 
    8  25    -0.038 
    8  26    -0.041 
    8  27    -0.044 
    8  28    -0.048 
    8  29    -0.052 
    8  30    -0.056 
    8  31    -0.061 
    8  32    -0.067 
    8  33    -0.074 
    8  34    -0.082 
    8  35    -0.092 
    8  36    -0.104 
    8  37    -0.119 
    8  38    -0.139 
    8  39    -0.164 
    8  40    -0.198 
    8  41    -0.244 
    8  42    -0.305 
    8  43    -0.383 
    8  44    -0.471 
    8  45    -0.554 
    8  46    -0.619 
    8  47    -0.676 
    8  48    -0.726 
    8  49    -0.773 
    8  50    -0.829 
    8  51    -0.885 
    8  52    -0.947 
    8  53    -1.030 
    8  54    -1.134 
    8  55    -1.345 
    8  56    -1.624 
    8  57    -1.685 
    8  58    -1.601 
    8  59    -1.567 
    8  60    -1.643 
    8  61    -1.721 
    8  62    -1.795 
    8  63    -1.848 
    8  64    -1.890 
    9   1    -0.005 
    9   2    -0.006 
    9   3    -0.006 
    9   4    -0.007 
    9   5    -0.007 
    9   6    -0.008 
    9   7    -0.008 
    9   8    -0.009 
    9   9    -0.010 
    9  10    -0.010 
    9  11    -0.011 
    9  12    -0.012 
    9  13    -0.013 
    9  14    -0.014 
    9  15    -0.015 
    9  16    -0.016 
    9  17    -0.017 
    9  18    -0.018 
    9  19    -0.020 
    9  20    -0.021 
    9  21    -0.023 
    9  22    -0.024 
    9  23    -0.026 
    9  24    -0.029 
    9  25    -0.031 
    9  26    -0.034 
    9  27    -0.037 
    9  28    -0.040 
    9  29    -0.044 
    9  30    -0.049 
    9  31    -0.055 
    9  32    -0.061 
    9  33    -0.070 
    9  34    -0.080 
    9  35    -0.093 
    9  36    -0.110 
    9  37    -0.132 
    9  38    -0.163 
    9  39    -0.205 
    9  40    -0.263 
    9  41    -0.340 
    9  42    -0.431 
    9  43    -0.517 
    9  44    -0.582 
    9  45    -0.639 
    9  46    -0.692 
    9  47    -0.760 
    9  48    -0.904 
    9  49    -1.027 
    9  50    -1.007 
    9  51    -1.022 
    9  52    -1.078 
    9  53    -1.176 
    9  54    -1.425 
    9  55    -1.703 
    9  56    -1.799 
    9  57    -1.866 
    9  58    -1.957 
    9  59    -2.073 
    9  60    -2.248 
    9  61    -2.475 
    9  62    -2.703 
    9  63    -2.891 
    9  64    -3.044 
   10   1    -0.003 
   10   2    -0.003 
   10   3    -0.003 
   10   4    -0.004 
   10   5    -0.004 
   10   6    -0.005 
   10   7    -0.005 
   10   8    -0.006 
   10   9    -0.006 
   10  10    -0.007 
   10  11    -0.008 
   10  12    -0.008 
   10  13    -0.009 
   10  14    -0.010 
   10  15    -0.011 
   10  16    -0.012 
   10  17    -0.013 
   10  18    -0.014 
   10  19    -0.015 
   10  20    -0.017 
   10  21    -0.018 
   10  22    -0.020 
   10  23    -0.022 
   10  24    -0.024 
   10  25    -0.026 
   10  26    -0.029 
   10  27    -0.032 
   10  28    -0.036 
   10  29    -0.040 
   10  30    -0.046 
   10  31    -0.052 
   10  32    -0.060 
   10  33    -0.071 
   10  34    -0.084 
   10  35    -0.103 
   10  36    -0.128 
   10  37    -0.164 
   10  38    -0.214 
   10  39    -0.286 
   10  40    -0.378 
   10  41    -0.473 
   10  42    -0.553 
   10  43    -0.650 
   10  44    -0.757 
   10  45    -0.780 
   10  46    -0.845 
   10  47    -1.004 
   10  48    -1.169 
   10  49    -1.223 
   10  50    -1.249 
   10  51    -1.340 
   10  52    -1.485 
   10  53    -1.627 
   10  54    -1.725 
   10  55    -1.736 
   10  56    -1.760 
   10  57    -1.861 
   10  58    -1.994 
   10  59    -2.138 
   10  60    -2.299 
   10  61    -2.453 
   10 