  199     0.000  212.00000  -62.40969   24.68000  -55.48518   80.64000  116.00000   24.68580   35.87200
  199     0.100  212.00000  -62.42451   24.65600  -55.51710   80.44300  116.00000   24.65694   35.81340
  199     0.200  212.00000  -62.43933   24.63200  -55.54902   80.24600  116.00000   24.62808   35.75480
  199     0.300  212.00000  -62.45415   24.60800  -55.58094   80.04900  116.00000   24.59922   35.69620
  199     0.400  212.00000  -62.46897   24.58400  -55.61286   79.85200  116.00000   24.57036   35.63760
  199     0.500  212.00000  -62.48378   24.56000  -55.64478   79.65500  116.00000   24.54150   35.57900
  199     0.600  212.00000  -62.49860   24.53600  -55.67671   79.45800  116.00000   24.51264   35.52040
  199     0.700  212.00000  -62.51342   24.51200  -55.70863   79.26100  116.00000   24.48378   35.46180
  199     0.800  212.00000  -62.52824   24.48800  -55.74055   79.06400  116.00000   24.45492   35.40320
  199     0.900  212.00000  -62.54306   24.46400  -55.77247   78.86700  116.00000   24.42606   35.34460
  199     1.000  212.00000  -62.55788   24.44000  -55.80439   78.67000  116.00000   24.39720   35.28600
  199     1.100  212.00000  -62.57607   24.37600  -55.83404   78.47900  116.00000   24.33393   35.19660
  199     1.200  212.00000  -62.59427   24.31200  -55.86369   78.28800  116.00000   24.27066   35.10720
  199     1.300  212.00000  -62.61246   24.24800  -55.89334   78.09700  116.00000   24.20739   35.01780
  199     1.400  212.00000  -62.63065   24.18400  -55.92299   77.90600  116.00000   24.14412   34.92840
  199     1.500  212.00000  -62.64884   24.12000  -55.95264   77.71500  116.00000   24.08085   34.83900
  199     1.600  212.00000  -62.66704   24.05600  -55.98229   77.52400  116.00000   24.01758   34.74960
  199     1.700  212.00000  -62.68523   23.99200  -56.01194   77.33300  116.00000   23.95431   34.66020
  199     1.800  212.00000  -62.70342   23.92800  -56.04159   77.14200  116.00000   23.89104   34.57080
  199     1.900  212.00000  -62.72162   23.86400  -56.07124   76.95100  116.00000   23.82777   34.48140
  199     2.000  212.00000  -62.73981   23.80000  -56.10089   76.76000  116.00000   23.76450   34.39200
  199     2.100  212.00000  -62.75702   23.73200  -56.12779   76.58000  116.00000   23.69741   34.30160
  199     2.200  212.00000  -62.77424   23.66400  -56.15468   76.40000  116.00000   23.63032   34.21120
  199     2.300  212.00000  -62.79145   23.59600  -56.18158   76.22000  116.00000   23.56323   34.12080
  199     2.400  212.00000  -62.80867   23.52800  -56.20847   76.04000  116.00000   23.49614   34.03040
  199     2.500  212.00000  -62.82588   23.46000  -56.23537   75.86000  116.00000   23.42905   33.94000
  199     2.600  212.00000  -62.84310   23.39200  -56.26227   75.68000  116.00000   23.36196   33.84960
  199     2.700  212.00000  -62.86031   23.32400  -56.28916   75.50000  116.00000   23.29487   33.75920
  199     2.800  212.00000  -62.87753   23.25600  -56.31606   75.32000  116.00000   23.22778   33.66880
  199     2.900  212.00000  -62.89475   23.18800  -56.34295   75.14000  116.00000   23.16069   33.57840
  199     3.000  212.00000  -62.91196   23.12000  -56.36985   74.96000  116.00000   23.09360   33.48800
  199     3.100  212.00000  -62.92822   23.04900  -56.39385   74.79500  116.00000   23.02272   33.39820
  199     3.200  212.00000  -62.94449   22.97800  -56.41786   74.63000  116.00000   22.95184   33.30840
  199     3.300  212.00000  -62.96075   22.90700  -56.44186   74.46500  116.00000   22.88096   33.21860
  199     3.400  212.00000  -62.97702   22.83600  -56.46586   74.30000  116.00000   22.81008   33.12880
  199     3.500  212.00000  -62.99329   22.76500  -56.48986   74.13500  116.00000   22.73920   33.03900
  199     3.600  212.00000  -63.00955   22.69400  -56.51387   73.97000  116.00000   22.66832   32.94920
  199     3.700  212.00000  -63.02582   22.62300  -56.53787   73.80500  116.00000   22.59744   32.85940
  199     3.800  212.00000  -63.04208   22.55200  -56.56187   73.64000  116.00000   22.52656   32.76960
  199     3.900  212.00000  -63.05835   22.48100  -56.58588   73.47500  116.00000   22.45568   32.67980
  199     4.000  212.00000  -63.07461   22.41000  -56.60988   73.31000  116.00000   22.38480   32.59000
  199     4.100  212.00000  -63.08985   22.32700  -56.63102   73.16100  116.00000   22.29569   32.49380
  199     4.200  212.00000  -63.10509   22.24400  -56.65215   73.01200  116.00000   22.20658   32.39760
  199     4.300  212.00000  -63.12033   22.16100  -56.67329   72.86300  116.00000   22.11747   32.30140
  199     4.400  212.00000  -63.13557   22.07800  -56.69443   72.71400  116.00000   22.02836   32.20520
  199     4.500  212.00000  -63.15080   21.99500  -56.71556   72.56500  116.00000   21.93925   32.10900
  199     4.600  212.00000  -63.16604   21.91200  -56.73670   72.41600  116.00000   21.85014   32.01280
  199     4.700  212.00000  -63.18128   21.82900  -56.75784   72.26700  116.00000   21.76103   31.91660
  199     4.800  212.00000  -63.19652   21.74600  -56.77898   72.11800  116.00000   21.67192   31.82040
  199     4.900  212.00000  -63.21176   21.66300  -56.80011   71.96900  116.00000   21.58281   31.72420
  199     5.000  212.00000  -63.22700   21.58000  -56.82125   71.82000  116.00000   21.49370   31.62800
  199     5.100  212.00000  -63.24108   21.49200  -56.83962   71.68700  116.00000   21.40398   31.53100
  199     5.200  212.00000  -63.25515   21.40400  -56.85799   71.55400  116.00000   21.31426   31.43400
  199     5.300  212.00000  -63.26923   21.31600  -56.87636   71.42100  116.00000   21.22454   31.33700
  199     5.400  212.00000  -63.28331   21.22800  -56.89473   71.28800  116.00000   21.13482   31.24000
  199     5.500  212.00000  -63.29738   21.14000  -56.91311   71.15500  116.00000   21.04510   31.14300
  199     5.600  212.00000  -63.31146   21.05200  -56.93148   71.02200  116.00000   20.95538   31.04600
  199     5.700  212.00000  -63.32554   20.96400  -56.94985   70.88900  116.00000   20.86566   30.94900
  199     5.800  212.00000  -63.33962   20.87600  -56.96822   70.75600  116.00000   20.77594   30.85200
  199     5.900  212.00000  -63.35369   20.78800  -56.98659   70.62300  116.00000   20.68622   30.75500
  199     6.000  212.00000  -63.36777   20.70000  -57.00496   70.49000  116.00000   20.59650   30.65800
  199     6.100  212.00000  -63.38054   20.64700  -57.02069   70.37400  116.00000   20.54661   30.59240
  199     6.200  212.00000  -63.39331   20.59400  -57.03643   70.25800  116.00000   20.49672   30.52680
  199     6.300  212.00000  -63.40609   20.54100  -57.05216   70.14200  116.00000   20.44683   30.46120
  199     6.400  212.00000  -63.41886   20.48800  -57.06790   70.02600  116.00000   20.39694   30.39560
  199     6.500  212.00000  -63.43163   20.43500  -57.08363   69.91000  116.00000   20.34705   30.33000
  199     6.600  212.00000  -63.44440   20.38200  -57.09936   69.79400  116.00000   20.29716   30.26440
  199     6.700  212.00000  -63.45717   20.32900  -57.11510   69.67800  116.00000   20.24727   30.19880
  199     6.800  212.00000  -63.46995   20.27600  -57.13083   69.56200  116.00000   20.19738   30.13320
  199     6.900  212.00000  -63.48272   20.22300  -57.14657   69.44600  116.00000   20.14749   30.06760
  199     7.000  212.00000  -63.49549   20.17000  -57.16230   69.33000  116.00000   20.09760   30.00200
  199     7.100  212.00000  -63.50683   20.11200  -57.17553   69.23000  116.00000   20.04704   29.93560
  199     7.200  212.00000  -63.51818   20.05400  -57.18876   69.13000  116.00000   19.99648   29.86920
  199     7.300  212.00000  -63.52952   19.99600  -57.20199   69.03000  116.00000   19.94592   29.80280
  199     7.400  212.00000  -63.54087   19.93800  -57.21522   68.93000  116.00000   19.89536   29.73640
  199     7.500  212.00000  -63.55221   19.88000  -57.22845   68.83000  116.00000   19.84480   29.67000
  199     7.600  212.00000  -63.56356   19.82200  -57.24168   68.73000  116.00000   19.79424   29.60360
  199     7.700  212.00000  -63.57490   19.76400  -57.25491   68.63000  116.00000   19.74368   29.53720
  199     7.800  212.00000  -63.58625   19.70600  -57.26814   68.53000  116.00000   19.69312   29.47080
  199     7.900  212.00000  -63.59759   19.64800  -57.28137   68.43000  116.00000   19.64256   29.40440
  199     8.000  212.00000  -63.60894   19.59000  -57.29460   68.33000  116.00000   19.59200   29.33800
  199     8.100  212.00000  -63.61878   19.53200  -57.30546   68.24700  116.00000   19.53432   29.27500
  199     8.200  212.00000  -63.62862   19.47400  -57.31631   68.16400  116.00000   19.47664   29.21200
  199     8.300  212.00000  -63.63846   19.41600  -57.32717   68.08100  116.00000   19.41896   29.14900
  199     8.400  212.00000  -63.64830   19.35800  -57.33802   67.99800  116.00000   19.36128   29.08600
  199     8.500  212.00000  -63.65814   19.30000  -57.34887   67.91500  116.00000   19.30360   29.02300
  199     8.600  212.00000  -63.66797   19.24200  -57.35973   67.83200  116.00000   19.24592   28.96000
  199     8.700  212.00000  -63.67781   19.18400  -57.37058   67.74900  116.00000   19.18824   28.89700
  199     8.800  212.00000  -63.68765   19.12600  -57.38144   67.66600  116.00000   19.13056   28.83400
  199     8.900  212.00000  -63.69749   19.06800  -57.39229   67.58300  116.00000   19.07288   28.77100
  199     9.000  212.00000  -63.70733   19.01000  -57.40315   67.50000  116.00000   19.01520   28.70800
  199     9.100  190.80000  -57.33660   17.10900  -51.66284   60.75000  104.40000   17.11368   25.83720
  199     9.200  169.60000  -50.96586   15.20800  -45.92252   54.00000   92.80000   15.21216   22.96640
  199     9.300  148.40000  -44.59513   13.30700  -40.18220   47.25000   81.20000   13.31064   20.09560
  199     9.400  127.20000  -38.22440   11.40600  -34.44189   40.50000   69.60000   11.40912   17.22480
  199     9.500  106.00000  -31.85366    9.50500  -28.70157   33.75000   58.00000    9.50760   14.35400
  199     9.600   84.80000  -25.48293    7.60400  -22.96126   27.00000   46.40000    7.60608   11.48320
  199     9.700   63.60000  -19.11220    5.70300  -17.22095   20.25000   34.80000    5.70456    8.61240
  199     9.800   42.40000  -12.74147    3.80200  -11.48063   13.50000   23.20000    3.80304    5.74160
  199     9.900   21.20000   -6.37073    1.90100   -5.74031    6.75000   11.60000    1.90152    2.87080
  199    10.000    0.00000    0.00000    0.00000    0.00000    0.00000    0.00000    0.00000    0.00000
