ZONE T="Visual 14e.dat"
I= 23,J= 35,K=1,F=POINT
  0.00004   0.00004  11.98848  47.65716 
  0.00004   0.00008  11.80039  47.65716 
  0.00004   0.00012  11.92855  47.65716 
  0.00004   0.00016  11.66640  47.65716 
  0.00004   0.00020  11.38562  47.65716 
  0.00004   0.00024  11.52274  47.65716 
  0.00004   0.00028  11.89672  47.65716 
  0.00004   0.00032  11.66509  47.65716 
  0.00004   0.00036  12.01652  47.65716 
  0.00004   0.00040  11.91651  47.65716 
  0.00004   0.00044  11.99987  47.65716 
  0.00004   0.00048  10.90944  47.65716 
  0.00004   0.00052  10.90347  47.65716 
  0.00004   0.00056  10.80308  47.65716 
  0.00004   0.00060  11.16537  47.65716 
  0.00004   0.00064  11.16612  47.65716 
  0.00004   0.00068  10.90360  47.65716 
  0.00004   0.00072  11.52274  47.65716 
  0.00004   0.00076  10.92092  47.65716 
  0.00004   0.00080  11.15534  47.65716 
  0.00004   0.00084  10.99854  47.65716 
  0.00004   0.00088  11.06652  47.65716 
  0.00004   0.00092  10.89210  47.65716 
  0.00008   0.00004  12.50074  52.52299 
  0.00008   0.00008  12.65797  52.52299 
  0.00008   0.00012  12.89473  52.52299 
  0.00008   0.00016  12.36044  52.52299 
  0.00008   0.00020  12.10184  52.52299 
  0.00008   0.00024  12.20442  52.52299 
  0.00008   0.00028  12.56026  52.52299 
  0.00008   0.00032  12.29210  52.52299 
  0.00008   0.00036  12.49470  52.52299 
  0.00008   0.00040  12.65265  52.52299 
  0.00008   0.00044  12.96158  52.52299 
  0.00008   0.00048  11.20670  52.52299 
  0.00008   0.00052  11.76881  52.52299 
  0.00008   0.00056  11.57684  52.52299 
  0.00008   0.00060  11.78505  52.52299 
  0.00008   0.00064  11.69608  52.52299 
  0.00008   0.00068  11.52146  52.52299 
  0.00008   0.00072  12.20442  52.52299 
  0.00008   0.00076  11.65464  52.52299 
  0.00008   0.00080  11.60942  52.52299 
  0.00008   0.00084  11.56494  52.52299 
  0.00008   0.00088  11.56589  52.52299 
  0.00008   0.00092  11.30805  52.52299 
  0.00012   0.00004  13.47187  56.05190 
  0.00012   0.00008  13.24196  56.05190 
  0.00012   0.00012  13.27356  56.05190 
  0.00012   0.00016  12.95499  56.05190 
  0.00012   0.00020  12.84339  56.05190 
  0.00012   0.00024  12.81791  56.05190 
  0.00012   0.00028  12.86020  56.05190 
  0.00012   0.00032  12.86964  56.05190 
  0.00012   0.00036  13.36392  56.05190 
  0.00012   0.00040  13.59911  56.05190 
  0.00012   0.00044  13.35638  56.05190 
  0.00012   0.00048  12.29038  56.05190 
  0.00012   0.00052  12.09661  56.05190 
  0.00012   0.00056  11.86416  56.05190 
  0.00012   0.00060  12.10383  56.05190 
  0.00012   0.00064  12.21287  56.05190 
  0.00012   0.00068  12.38805  56.05190 
  0.00012   0.00072  12.81791  56.05190 
  0.00012   0.00076  12.42118  56.05190 
  0.00012   0.00080  12.55063  56.05190 
  0.00012   0.00084  12.07731  56.05190 
  0.00012   0.00088  12.26184  56.05190 
  0.00012   0.00092  12.21230  56.05190 
  0.00016   0.00004  14.19344  58.91233 
  0.00016   0.00008  14.15496  58.91233 
  0.00016   0.00012  14.07720  58.91233 
  0.00016   0.00016  13.79588  58.91233 
  0.00016   0.00020  13.53598  58.91233 
  0.00016   0.00024  13.34008  58.91233 
  0.00016   0.00028  13.55866  58.91233 
  0.00016   0.00032  13.48588  58.91233 
  0.00016   0.00036  13.58347  58.91233 
  0.00016   0.00040  13.92430  58.91233 
  0.00016   0.00044  13.74300  58.91233 
  0.00016   0.00048  12.50979  58.91233 
  0.00016   0.00052  12.56325  58.91233 
  0.00016   0.00056  12.62424  58.91233 
  0.00016   0.00060  12.75282  58.91233 
  0.00016   0.00064  12.57398  58.91233 
  0.00016   0.00068  13.21649  58.91233 
  0.00016   0.00072  13.34008  58.91233 
  0.00016   0.00076  13.09799  58.91233 
  0.00016   0.00080  12.79981  58.91233 
  0.00016   0.00084  12.92379  58.91233 
  0.00016   0.00088  12.53071  58.91233 
  0.00016   0.00092  13.01442  58.91233 
  0.00020   0.00004  14.32225  59.48736 
  0.00020   0.00008  14.40552  59.48736 
  0.00020   0.00012  14.28786  59.48736 
  0.00020   0.00016  14.27394  59.48736 
  0.00020   0.00020  13.72269  59.48736 
  0.00020   0.00024  13.75119  59.48736 
  0.00020   0.00028  13.73372  59.48736 
  0.00020   0.00032  14.32612  59.48736 
  0.00020   0.00036  14.35570  59.48736 
  0.00020   0.00040  14.34104  59.48736 
  0.00020   0.00044  14.31156  59.48736 
  0.00020   0.00048  13.15497  59.48736 
  0.00020   0.00052  13.47573  59.48736 
  0.00020   0.00056  13.35810  59.48736 
  0.00020   0.00060  13.34931  59.48736 
  0.00020   0.00064  13.38081  59.48736 
  0.00020   0.00068  13.51983  59.48736 
  0.00020   0.00072  13.75119  59.48736 
  0.00020   0.00076  13.46244  59.48736 
  0.00020   0.00080  13.18981  59.48736 
  0.00020   0.00084  13.53240  59.48736 
  0.00020   0.00088  13.34306  59.48736 
  0.00020   0.00092  13.48904  59.48736 
  0.00024   0.00004  15.37676  59.28182 
  0.00024   0.00008  13.92180  59.28182 
  0.00024   0.00012  14.90210  59.28182 
  0.00024   0.00016  13.68589  59.28182 
  0.00024   0.00020  14.41425  59.28182 
  0.00024   0.00024  14.03571  59.28182 
  0.00024   0.00028  13.92482  59.28182 
  0.00024   0.00032  15.38546  59.28182 
  0.00024   0.00036  14.41432  59.28182 
  0.00024   0.00040  13.69299  59.28182 
  0.00024   0.00044  14.90302  59.28182 
  0.00024   0.00048  14.72418  59.28182 
  0.00024   0.00052  13.26354  59.28182 
  0.00024   0.00056  14.23469  59.28182 
  0.00024   0.00060  15.20897  59.28182 
  0.00024   0.00064  13.74599  59.28182 
  0.00024   0.00068  14.72418  59.28182 
  0.00024   0.00072  14.03571  59.28182 
  0.00024   0.00076  12.78924  59.28182 
  0.00024   0.00080  14.23468  59.28182 
  0.00024   0.00084  13.26352  59.28182 
  0.00024   0.00088  14.72409  59.28182 
  0.00024   0.00092  13.74567  59.28182 
  0.00028   0.00004  14.58379  57.51515 
  0.00028   0.00008  14.50957  57.51515 
  0.00028   0.00012  14.73357  57.51515 
  0.00028   0.00016  14.79667  57.51515 
  0.00028   0.00020  14.99936  57.51515 
  0.00028   0.00024  16.57991  57.51515 
  0.00028   0.00028  15.13219  57.51515 
  0.00028   0.00032  14.89841  57.51515 
  0.00028   0.00036  14.89870  57.51515 
  0.00028   0.00040  14.79710  57.51515 
  0.00028   0.00044  14.70270  57.51515 
  0.00028   0.00048  14.28001  57.51515 
  0.00028   0.00052  14.62976  57.51515 
  0.00028   0.00056  14.41315  57.51515 
  0.00028   0.00060  14.56472  57.51515 
  0.00028   0.00064  14.85796  57.51515 
  0.00028   0.00068  14.81245  57.51515 
  0.00028   0.00072  13.79288  57.51515 
  0.00028   0.00076  14.81715  57.51515 
  0.00028   0.00080  14.66383  57.51515 
  0.00028   0.00084  14.55143  57.51515 
  0.00028   0.00088  14.77754  57.51515 
  0.00028   0.00092  14.53213  57.51515 
  0.00032   0.00004  14.32264  54.30264 
  0.00032   0.00008  14.28808  54.30264 
  0.00032   0.00012  14.12494  54.30264 
  0.00032   0.00016  14.72309  54.30264 
  0.00032   0.00020  15.00848  54.30264 
  0.00032   0.00024  14.39563  54.30264 
  0.00032   0.00028  14.87643  54.30264 
  0.00032   0.00032  14.68485  54.30264 
  0.00032   0.00036  14.66419  54.30264 
  0.00032   0.00040  14.45314  54.30264 
  0.00032   0.00044  14.68983  54.30264 
  0.00032   0.00048  14.89516  54.30264 
  0.00032   0.00052  15.12851  54.30264 
  0.00032   0.00056  15.02129  54.30264 
  0.00032   0.00060  15.02175  54.30264 
  0.00032   0.00064  15.10848  54.30264 
  0.00032   0.00068  15.36450  54.30264 
  0.00032   0.00072  16.00115  54.30264 
  0.00032   0.00076  15.56314  54.30264 
  0.00032   0.00080  15.34394  54.30264 
  0.00032   0.00084  15.35178  54.30264 
  0.00032   0.00088  15.28600  54.30264 
  0.00032   0.00092  14.80135  54.30264 
  0.00036   0.00004  13.97478  50.36722 
  0.00036   0.00008  14.67212  50.36722 
  0.00036   0.00012  14.27343  50.36722 
  0.00036   0.00016  14.19687  50.36722 
  0.00036   0.00020  13.99445  50.36722 
  0.00036   0.00024  15.92976  50.36722 
  0.00036   0.00028  14.48107  50.36722 
  0.00036   0.00032  14.28398  50.36722 
  0.00036   0.00036  14.01388  50.36722 
  0.00036   0.00040  14.56622  50.36722 
  0.00036   0.00044  14.01435  50.36722 
  0.00036   0.00048  14.99140  50.36722 
  0.00036   0.00052  15.33890  50.36722 
  0.00036   0.00056  15.92842  50.36722 
  0.00036   0.00060  15.47684  50.36722 
  0.00036   0.00064  15.77120  50.36722 
  0.00036   0.00068  15.50504  50.36722 
  0.00036   0.00072  14.34006  50.36722 
  0.00036   0.00076  15.58052  50.36722 
  0.00036   0.00080  15.74281  50.36722 
  0.00036   0.00084  15.74901  50.36722 
  0.00036   0.00088  14.78577  50.36722 
  0.00036   0.00092  15.35916  50.36722 
  0.00040   0.00004  13.74290  44.64826 
  0.00040   0.00008  13.20295  44.64826 
  0.00040   0.00012  13.05585  44.64826 
  0.00040   0.00016  13.21211  44.64826 
  0.00040   0.00020  13.54975  44.64826 
  0.00040   0.00024  13.80281  44.64826 
  0.00040   0.00028  13.61193  44.64826 
  0.00040   0.00032  13.46420  44.64826 
  0.00040   0.00036  13.44491  44.64826 
  0.00040   0.00040  13.42946  44.64826 
  0.00040   0.00044  13.57444  44.64826 
  0.00040   0.00048  15.54465  44.64826 
  0.00040   0.00052  15.05936  44.64826 
  0.00040   0.00056  15.66510  44.64826 
  0.00040   0.00060  15.57541  44.64826 
  0.00040   0.00064  15.55114  44.64826 
  0.00040   0.00068  15.71990  44.64826 
  0.00040   0.00072  15.56754  44.64826 
  0.00040   0.00076  15.79480  44.64826 
  0.00040   0.00080  15.69316  44.64826 
  0.00040   0.00084  15.79917  44.64826 
  0.00040   0.00088  15.73369  44.64826 
  0.00040   0.00092  15.29749  44.64826 
  0.00044   0.00004  12.36832  38.52139 
  0.00044   0.00008  12.59512  38.52139 
  0.00044   0.00012  12.41618  38.52139 
  0.00044   0.00016  12.70559  38.52139 
  0.00044   0.00020  12.24712  38.52139 
  0.00044   0.00024  11.58090  38.52139 
  0.00044   0.00028  12.18984  38.52139 
  0.00044   0.00032  12.63885  38.52139 
  0.00044   0.00036  12.73836  38.52139 
  0.00044   0.00040  12.44666  38.52139 
  0.00044   0.00044  12.68767  38.52139 
  0.00044   0.00048  15.41323  38.52139 
  0.00044   0.00052  15.55938  38.52139 
  0.00044   0.00056  15.28126  38.52139 
  0.00044   0.00060  15.58198  38.52139 
  0.00044   0.00064  15.75863  38.52139 
  0.00044   0.00068  16.14438  38.52139 
  0.00044   0.00072  16.77515  38.52139 
  0.00044   0.00076  15.85396  38.52139 
  0.00044   0.00080  15.88117  38.52139 
  0.00044   0.00084  15.58216  38.52139 
  0.00044   0.00088  15.45165  38.52139 
  0.00044   0.00092  15.31827  38.52139 
  0.00048   0.00004  15.15520  31.57871 
  0.00048   0.00008  15.22305  31.57871 
  0.00048   0.00012  15.22846  31.57871 
  0.00048   0.00016  15.31729  31.57871 
  0.00048   0.00020  15.06567  31.57871 
  0.00048   0.00024  14.64158  31.57871 
  0.00048   0.00028  15.11616  31.57871 
  0.00048   0.00032  15.41671  31.57871 
  0.00048   0.00036  15.36383  31.57871 
  0.00048   0.00040  15.35512  31.57871 
  0.00048   0.00044  15.06276  31.57871 
  0.00048   0.00048  11.78723  31.57871 
  0.00048   0.00052  11.59585  31.57871 
  0.00048   0.00056  11.72534  31.57871 
  0.00048   0.00060  11.70682  31.57871 
  0.00048   0.00064  11.49782  31.57871 
  0.00048   0.00068  11.92165  31.57871 
  0.00048   0.00072  12.40824  31.57871 
  0.00048   0.00076  11.87291  31.57871 
  0.00048   0.00080  11.73397  31.57871 
  0.00048   0.00084  11.82102  31.57871 
  0.00048   0.00088  11.61810  31.57871 
  0.00048   0.00092  11.75364  31.57871 
  0.00052   0.00004  14.43683  24.27328 
  0.00052   0.00008  14.67538  24.27328 
  0.00052   0.00012  14.66996  24.27328 
  0.00052   0.00016  14.72549  24.27328 
  0.00052   0.00020  15.07337  24.27328 
  0.00052   0.00024  15.18709  24.27328 
  0.00052   0.00028  15.08565  24.27328 
  0.00052   0.00032  14.79972  24.27328 
  0.00052   0.00036  14.79704  24.27328 
  0.00052   0.00040  14.52797  24.27328 
  0.00052   0.00044  14.49250  24.27328 
  0.00052   0.00048  10.99828  24.27328 
  0.00052   0.00052  10.78150  24.27328 
  0.00052   0.00056  10.56603  24.27328 
  0.00052   0.00060  10.60838  24.27328 
  0.00052   0.00064  10.56892  24.27328 
  0.00052   0.00068  10.40036  24.27328 
  0.00052   0.00072  10.31219  24.27328 
  0.00052   0.00076  10.49317  24.27328 
  0.00052   0.00080  10.49296  24.27328 
  0.00052   0.00084  10.50463  24.27328 
  0.00052   0.00088  10.62121  24.27328 
  0.00052   0.00092  10.78091  24.27328 
  0.00056   0.00004  13.62132  16.78648 
  0.00056   0.00008  13.74929  16.78648 
  0.00056   0.00012  14.01956  16.78648 
  0.00056   0.00016  14.09462  16.78648 
  0.00056   0.00020  14.22106  16.78648 
  0.00056   0.00024  13.81603  16.78648 
  0.00056   0.00028  14.08324  16.78648 
  0.00056   0.00032  14.05894  16.78648 
  0.00056   0.00036  14.11135  16.78648 
  0.00056   0.00040  13.90162  16.78648 
  0.00056   0.00044  13.77553  16.78648 
  0.00056   0.00048  10.09157  16.78648 
  0.00056   0.00052   9.90466  16.78648 
  0.00056   0.00056   9.66454  16.78648 
  0.00056   0.00060   9.78117  16.78648 
  0.00056   0.00064   9.59098  16.78648 
  0.00056   0.00068   9.66268  16.78648 
  0.00056   0.00072  10.20907  16.78648 
  0.00056   0.00076   9.63110  16.78648 
  0.00056   0.00080   9.53129  16.78648 
  0.00056   0.00084   9.69830  16.78648 
  0.00056   0.00088   9.83475  16.78648 
  0.00056   0.00092   9.79603  16.78648 
  0.00060   0.00004  12.75593   9.48841 
  0.00060   0.00008  12.97327   9.48841 
  0.00060   0.00012  12.97411   9.48841 
  0.00060   0.00016  13.16301   9.48841 
  0.00060   0.00020  13.31106   9.48841 
  0.00060   0.00024  13.39695   9.48841 
  0.00060   0.00028  13.33201   9.48841 
  0.00060   0.00032  13.19206   9.48841 
  0.00060   0.00036  13.10754   9.48841 
  0.00060   0.00040  12.79556   9.48841 
  0.00060   0.00044  12.86232   9.48841 
  0.00060   0.00048   9.10623   9.48841 
  0.00060   0.00052   9.00469   9.48841 
  0.00060   0.00056   8.85156   9.48841 
  0.00060   0.00060   8.76523   9.48841 
  0.00060   0.00064   8.63961   9.48841 
  0.00060   0.00068   8.55239   9.48841 
  0.00060   0.00072   8.49693   9.48841 
  0.00060   0.00076   8.53752   9.48841 
  0.00060   0.00080   8.60731   9.48841 
  0.00060   0.00084   8.72583   9.48841 
  0.00060   0.00088   8.81760   9.48841 
  0.00060   0.00092   8.93458   9.48841 
  0.00064   0.00004  11.80800   2.49138 
  0.00064   0.00008  11.75298   2.49138 
  0.00064   0.00012  11.91811   2.49138 
  0.00064   0.00016  12.14943   2.49138 
  0.00064   0.00020  12.34448   2.49138 
  0.00064   0.00024  12.33146   2.49138 
  0.00064   0.00028  12.34002   2.49138 
  0.00064   0.00032  12.10868   2.49138 
  0.00064   0.00036  12.09564   2.49138 
  0.00064   0.00040  11.86527   2.49138 
  0.00064   0.00044  11.81377   2.49138 
  0.00064   0.00048   8.25895   2.49138 
  0.00064   0.00052   8.21348   2.49138 
  0.00064   0.00056   8.13228   2.49138 
  0.00064   0.00060   8.09125   2.49138 
  0.00064   0.00064   7.91889   2.49138 
  0.00064   0.00068   7.64722   2.49138 
  0.00064   0.00072   7.64237   2.49138 
  0.00064   0.00076   7.69276   2.49138 
  0.00064   0.00080   7.85847   2.49138 
  0.00064   0.00084   8.22908   2.49138 
  0.00064   0.00088   8.27147   2.49138 
  0.00064   0.00092   8.23448   2.49138 
  0.00068   0.00004  10.67538  -3.90356 
  0.00068   0.00008  10.72173  -3.90356 
  0.00068   0.00012  10.74721  -3.90356 
  0.00068   0.00016  10.90549  -3.90356 
  0.00068   0.00020  11.10310  -3.90356 
  0.00068   0.00024  11.67849  -3.90356 
  0.00068   0.00028  11.03123  -3.90356 
  0.00068   0.00032  10.82195  -3.90356 
  0.00068   0.00036  10.83027  -3.90356 
  0.00068   0.00040  10.81747  -3.90356 
  0.00068   0.00044  10.77124  -3.90356 
  0.00068   0.00048   7.68385  -3.90356 
  0.00068   0.00052   7.73063  -3.90356 
  0.00068   0.00056   7.60521  -3.90356 
  0.00068   0.00060   7.62385  -3.90356 
  0.00068   0.00064   7.50082  -3.90356 
  0.00068   0.00068   7.18129  -3.90356 
  0.00068   0.00072   6.39990  -3.90356 
  0.00068   0.00076   7.06978  -3.90356 
  0.00068   0.00080   7.41434  -3.90356 
  0.00068   0.00084   7.49019  -3.90356 
  0.00068   0.00088   7.67434  -3.90356 
  0.00068   0.00092   7.64998  -3.90356 
  0.00072   0.00004   9.15778  -9.27910 
  0.00072   0.00008   9.57148  -9.27910 
  0.00072   0.00012   9.93676  -9.27910 
  0.00072   0.00016   9.37485  -9.27910 
  0.00072   0.00020   9.76297  -9.27910 
  0.00072   0.00024   8.84935  -9.27910 
  0.00072   0.00028   9.57478  -9.27910 
  0.00072   0.00032   8.93639  -9.27910 
  0.00072   0.00036   9.76309  -9.27910 
  0.00072   0.00040   9.37523  -9.27910 
  0.00072   0.00044   9.93791  -9.27910 
  0.00072   0.00048   7.40784  -9.27910 
  0.00072   0.00052   7.81564  -9.27910 
  0.00072   0.00056   7.21954  -9.27910 
  0.00072   0.00060   7.60739  -9.27910 
  0.00072   0.00064   7.04472  -9.27910 
  0.00072   0.00068   7.40784  -9.27910 
  0.00072   0.00072   8.84935  -9.27910 
  0.00072   0.00076   7.60739  -9.27910 
  0.00072   0.00080   7.21953  -9.27910 
  0.00072   0.00084   7.81561  -9.27910 
  0.00072   0.00088   7.40774  -9.27910 
  0.00072   0.00092   7.04440  -9.27910 
  0.00076   0.00004   8.93264 -14.14494 
  0.00076   0.00008   8.88535 -14.14494 
  0.00076   0.00012   8.81237 -14.14494 
  0.00076   0.00016   8.70287 -14.14494 
  0.00076   0.00020   8.60741 -14.14494 
  0.00076   0.00024   8.29110 -14.14494 
  0.00076   0.00028   8.73995 -14.14494 
  0.00076   0.00032   8.85925 -14.14494 
  0.00076   0.00036   8.68239 -14.14494 
  0.00076   0.00040   8.58486 -14.14494 
  0.00076   0.00044   8.77123 -14.14494 
  0.00076   0.00048   6.90877 -14.14494 
  0.00076   0.00052   6.82107 -14.14494 
  0.00076   0.00056   7.03631 -14.14494 
  0.00076   0.00060   7.23142 -14.14494 
  0.00076   0.00064   7.32849 -14.14494 
  0.00076   0.00068   7.37219 -14.14494 
  0.00076   0.00072   8.29110 -14.14494 
  0.00076   0.00076   7.40033 -14.14494 
  0.00076   0.00080   7.14760 -14.14494 
  0.00076   0.00084   7.06152 -14.14494 
  0.00076   0.00088   6.90525 -14.14494 
  0.00076   0.00092   6.98650 -14.14494 
  0.00080   0.00004   7.94587 -17.00537 
  0.00080   0.00008   8.03780 -17.00537 
  0.00080   0.00012   7.76547 -17.00537 
  0.00080   0.00016   7.83887 -17.00537 
  0.00080   0.00020   7.77992 -17.00537 
  0.00080   0.00024   7.80084 -17.00537 
  0.00080   0.00028   7.93145 -17.00537 
  0.00080   0.00032   7.80032 -17.00537 
  0.00080   0.00036   8.23378 -17.00537 
  0.00080   0.00040   8.05813 -17.00537 
  0.00080   0.00044   7.89327 -17.00537 
  0.00080   0.00048   6.53872 -17.00537 
  0.00080   0.00052   6.79965 -17.00537 
  0.00080   0.00056   6.68977 -17.00537 
  0.00080   0.00060   7.09822 -17.00537 
  0.00080   0.00064   7.08360 -17.00537 
  0.00080   0.00068   7.23714 -17.00537 
  0.00080   0.00072   7.80084 -17.00537 
  0.00080   0.00076   7.13362 -17.00537 
  0.00080   0.00080   7.25136 -17.00537 
  0.00080   0.00084   6.72017 -17.00537 
  0.00080   0.00088   6.77277 -17.00537 
  0.00080   0.00092   6.85406 -17.00537 
  0.00084   0.00004   7.21167 -19.10400 
  0.00084   0.00008   7.07179 -19.10400 
  0.00084   0.00012   7.32672 -19.10400 
  0.00084   0.00016   7.47314 -19.10400 
  0.00084   0.00020   7.18843 -19.10400 
  0.00084   0.00024   7.39392 -19.10400 
  0.00084   0.00028   7.14312 -19.10400 
  0.00084   0.00032   7.35902 -19.10400 
  0.00084   0.00036   7.29200 -19.10400 
  0.00084   0.00040   7.67185 -19.10400 
  0.00084   0.00044   7.43644 -19.10400 
  0.00084   0.00048   6.55470 -19.10400 
  0.00084   0.00052   6.73400 -19.10400 
  0.00084   0.00056   6.56205 -19.10400 
  0.00084   0.00060   6.79122 -19.10400 
  0.00084   0.00064   6.92456 -19.10400 
  0.00084   0.00068   7.19256 -19.10400 
  0.00084   0.00072   7.39392 -19.10400 
  0.00084   0.00076   6.85455 -19.10400 
  0.00084   0.00080   6.78024 -19.10400 
  0.00084   0.00084   6.85665 -19.10400 
  0.00084   0.00088   6.95319 -19.10400 
  0.00084   0.00092   6.51002 -19.10400 
  0.00088   0.00004   6.88783 -19.67903 
  0.00088   0.00008   6.94549 -19.67903 
  0.00088   0.00012   7.05430 -19.67903 
  0.00088   0.00016   7.03934 -19.67903 
  0.00088   0.00020   6.70383 -19.67903 
  0.00088   0.00024   7.08247 -19.67903 
  0.00088   0.00028   7.03787 -19.67903 
  0.00088   0.00032   6.78006 -19.67903 
  0.00088   0.00036   6.85795 -19.67903 
  0.00088   0.00040   6.91100 -19.67903 
  0.00088   0.00044   7.05440 -19.67903 
  0.00088   0.00048   6.10686 -19.67903 
  0.00088   0.00052   6.46862 -19.67903 
  0.00088   0.00056   6.46525 -19.67903 
  0.00088   0.00060   6.82343 -19.67903 
  0.00088   0.00064   6.68576 -19.67903 
  0.00088   0.00068   6.65139 -19.67903 
  0.00088   0.00072   7.08247 -19.67903 
  0.00088   0.00076   6.65886 -19.67903 
  0.00088   0.00080   6.62213 -19.67903 
  0.00088   0.00084   6.51406 -19.67903 
  0.00088   0.00088   6.49189 -19.67903 
  0.00088   0.00092   6.30241 -19.67903 
  0.00092   0.00004   6.60723 -18.69293 
  0.00092   0.00008   6.51822 -18.69293 
  0.00092   0.00012   6.71069 -18.69293 
  0.00092   0.00016   6.56325 -18.69293 
  0.00092   0.00020   6.32293 -18.69293 
  0.00092   0.00024   6.87527 -18.69293 
  0.00092   0.00028   6.62561 -18.69293 
  0.00092   0.00032   6.62581 -18.69293 
  0.00092   0.00036   6.50802 -18.69293 
  0.00092   0.00040   6.84203 -18.69293 
  0.00092   0.00044   6.76048 -18.69293 
  0.00092   0.00048   6.44716 -18.69293 
  0.00092   0.00052   6.37821 -18.69293 
  0.00092   0.00056   6.29202 -18.69293 
  0.00092   0.00060   6.50996 -18.69293 
  0.00092   0.00064   6.54301 -18.69293 
  0.00092   0.00068   6.63441 -18.69293 
  0.00092   0.00072   6.87527 -18.69293 
  0.00092   0.00076   6.26861 -18.69293 
  0.00092   0.00080   6.57609 -18.69293 
  0.00092   0.00084   6.29706 -18.69293 
  0.00092   0.00088   6.54220 -18.69293 
  0.00092   0.00092   6.22514 -18.69293 
  0.00096   0.00004   6.24547 -16.92626 
  0.00096   0.00008   6.24789 -16.92626 
  0.00096   0.00012   6.39612 -16.92626 
  0.00096   0.00016   6.40700 -16.92626 
  0.00096   0.00020   7.02191 -16.92626 
  0.00096   0.00024   6.29924 -16.92626 
  0.00096   0.00028   6.33507 -16.92626 
  0.00096   0.00032   6.46672 -16.92626 
  0.00096   0.00036   6.28941 -16.92626 
  0.00096   0.00040   6.55281 -16.92626 
  0.00096   0.00044   6.61010 -16.92626 
  0.00096   0.00048   6.59510 -16.92626 
  0.00096   0.00052   6.59536 -16.92626 
  0.00096   0.00056   6.54078 -16.92626 
  0.00096   0.00060   6.27726 -16.92626 
  0.00096   0.00064   6.47406 -16.92626 
  0.00096   0.00068   6.30934 -16.92626 
  0.00096   0.00072   6.29924 -16.92626 
  0.00096   0.00076   7.02366 -16.92626 
  0.00096   0.00080   6.39903 -16.92626 
  0.00096   0.00084   6.39030 -16.92626 
  0.00096   0.00088   6.65867 -16.92626 
  0.00096   0.00092   6.23085 -16.92626 
  0.00100   0.00004   6.67994 -12.99084 
  0.00100   0.00008   6.44316 -12.99084 
  0.00100   0.00012   6.75739 -12.99084 
  0.00100   0.00016   6.56337 -12.99084 
  0.00100   0.00020   6.90520 -12.99084 
  0.00100   0.00024   6.32325 -12.99084 
  0.00100   0.00028   6.56818 -12.99084 
  0.00100   0.00032   6.58867 -12.99084 
  0.00100   0.00036   6.54902 -12.99084 
  0.00100   0.00040   6.69560 -12.99084 
  0.00100   0.00044   6.54492 -12.99084 
  0.00100   0.00048   6.34391 -12.99084 
  0.00100   0.00052   6.13826 -12.99084 
  0.00100   0.00056   6.12355 -12.99084 
  0.00100   0.00060   6.53671 -12.99084 
  0.00100   0.00064   6.50737 -12.99084 
  0.00100   0.00068   6.52838 -12.99084 
  0.00100   0.00072   6.32325 -12.99084 
  0.00100   0.00076   6.84181 -12.99084 
  0.00100   0.00080   6.55506 -12.99084 
  0.00100   0.00084   6.33349 -12.99084 
  0.00100   0.00088   6.45107 -12.99084 
  0.00100   0.00092   6.27347 -12.99084 
  0.00104   0.00004   6.89919  -8.46090 
  0.00104   0.00008   6.78898  -8.46090 
  0.00104   0.00012   6.85280  -8.46090 
  0.00104   0.00016   6.84371  -8.46090 
  0.00104   0.00020   6.86208  -8.46090 
  0.00104   0.00024   6.47494  -8.46090 
  0.00104   0.00028   6.88840  -8.46090 
  0.00104   0.00032   6.77834  -8.46090 
  0.00104   0.00036   6.55409  -8.46090 
  0.00104   0.00040   6.82008  -8.46090 
  0.00104   0.00044   6.71801  -8.46090 
  0.00104   0.00048   5.92887  -8.46090 
  0.00104   0.00052   6.12391  -8.46090 
  0.00104   0.00056   6.34457  -8.46090 
  0.00104   0.00060   6.49653  -8.46090 
  0.00104   0.00064   6.67123  -8.46090 
  0.00104   0.00068   6.47680  -8.46090 
  0.00104   0.00072   6.47494  -8.46090 
  0.00104   0.00076   6.80505  -8.46090 
  0.00104   0.00080   6.42807  -8.46090 
  0.00104   0.00084   6.06794  -8.46090 
  0.00104   0.00088   6.31734  -8.46090 
  0.00104   0.00092   6.30542  -8.46090 
  0.00108   0.00004   7.19537  -2.74194 
  0.00108   0.00008   6.84004  -2.74194 
  0.00108   0.00012   7.02361  -2.74194 
  0.00108   0.00016   7.21089  -2.74194 
  0.00108   0.00020   7.23005  -2.74194 
  0.00108   0.00024   6.74967  -2.74194 
  0.00108   0.00028   6.91394  -2.74194 
  0.00108   0.00032   7.07625  -2.74194 
  0.00108   0.00036   7.08551  -2.74194 
  0.00108   0.00040   7.22590  -2.74194 
  0.00108   0.00044   6.96993  -2.74194 
  0.00108   0.00048   6.28823  -2.74194 
  0.00108   0.00052   6.25436  -2.74194 
  0.00108   0.00056   6.10497  -2.74194 
  0.00108   0.00060   6.57918  -2.74194 
  0.00108   0.00064   6.63160  -2.74194 
  0.00108   0.00068   6.94245  -2.74194 
  0.00108   0.00072   6.74967  -2.74194 
  0.00108   0.00076   6.89387  -2.74194 
  0.00108   0.00080   6.51749  -2.74194 
  0.00108   0.00084   6.54044  -2.74194 
  0.00108   0.00088   6.69239  -2.74194 
  0.00108   0.00092   6.48036  -2.74194 
  0.00112   0.00004   7.57478   3.79284 
  0.00112   0.00008   7.71259   3.79284 
  0.00112   0.00012   7.85518   3.79284 
  0.00112   0.00016   7.46324   3.79284 
  0.00112   0.00020   7.71956   3.79284 
  0.00112   0.00024   7.13874   3.79284 
  0.00112   0.00028   7.61068   3.79284 
  0.00112   0.00032   7.62898   3.79284 
  0.00112   0.00036   7.48835   3.79284 
  0.00112   0.00040   7.78906   3.79284 
  0.00112   0.00044   7.62912   3.79284 
  0.00112   0.00048   6.21359   3.79284 
  0.00112   0.00052   6.51815   3.79284 
  0.00112   0.00056   6.43040   3.79284 
  0.00112   0.00060   6.34925   3.79284 
  0.00112   0.00064   6.89718   3.79284 
  0.00112   0.00068   6.92993   3.79284 
  0.00112   0.00072   7.13874   3.79284 
  0.00112   0.00076   7.07119   3.79284 
  0.00112   0.00080   6.86008   3.79284 
  0.00112   0.00084   6.80599   3.79284 
  0.00112   0.00088   6.44883   3.79284 
  0.00112   0.00092   6.46468   3.79284 
  0.00116   0.00004   8.36081  10.73552 
  0.00116   0.00008   8.13562  10.73552 
  0.00116   0.00012   8.37704  10.73552 
  0.00116   0.00016   8.38584  10.73552 
  0.00116   0.00020   8.31998  10.73552 
  0.00116   0.00024   7.62876  10.73552 
  0.00116   0.00028   8.00223  10.73552 
  0.00116   0.00032   8.21090  10.73552 
  0.00116   0.00036   8.21876  10.73552 
  0.00116   0.00040   8.34612  10.73552 
  0.00116   0.00044   8.52027  10.73552 
  0.00116   0.00048   6.85537  10.73552 
  0.00116   0.00052   6.59279  10.73552 
  0.00116   0.00056   6.80192  10.73552 
  0.00116   0.00060   6.77388  10.73552 
  0.00116   0.00064   6.70041  10.73552 
  0.00116   0.00068   7.33717  10.73552 
  0.00116   0.00072   7.62876  10.73552 
  0.00116   0.00076   7.12462  10.73552 
  0.00116   0.00080   6.83989  10.73552 
  0.00116   0.00084   6.64608  10.73552 
  0.00116   0.00088   6.85584  10.73552 
  0.00116   0.00092   6.43425  10.73552 
  0.00120   0.00004   9.43614  18.22232 
  0.00120   0.00008   9.08573  18.22232 
  0.00120   0.00012   8.99526  18.22232 
  0.00120   0.00016   9.26820  18.22232 
  0.00120   0.00020   8.89297  18.22232 
  0.00120   0.00024   8.20105  18.22232 
  0.00120   0.00028   9.08617  18.22232 
  0.00120   0.00032   9.43721  18.22232 
  0.00120   0.00036   8.89300  18.22232 
  0.00120   0.00040   9.26829  18.22232 
  0.00120   0.00044   8.55195  18.22232 
  0.00120   0.00048   6.95509  18.22232 
  0.00120   0.00052   6.60405  18.22232 
  0.00120   0.00056   7.14826  18.22232 
  0.00120   0.00060   6.77297  18.22232 
  0.00120   0.00064   7.35001  18.22232 
  0.00120   0.00068   6.95509  18.22232 
  0.00120   0.00072   8.20105  18.22232 
  0.00120   0.00076   6.77297  18.22232 
  0.00120   0.00080   7.14825  18.22232 
  0.00120   0.00084   6.60400  18.22232 
  0.00120   0.00088   6.95492  18.22232 
  0.00120   0.00092   7.34945  18.22232 
  0.00124   0.00004  10.19999  25.64621 
  0.00124   0.00008  10.16163  25.64621 
  0.00124   0.00012  10.30561  25.64621 
  0.00124   0.00016  10.31693  25.64621 
  0.00124   0.00020  10.52621  25.64621 
  0.00124   0.00024  11.02956  25.64621 
  0.00124   0.00028  10.41574  25.64621 
  0.00124   0.00032  10.23325  25.64621 
  0.00124   0.00036  10.17270  25.64621 
  0.00124   0.00040  10.22782  25.64621 
  0.00124   0.00044  10.12135  25.64621 
  0.00124   0.00048   7.19206  25.64621 
  0.00124   0.00052   7.15723  25.64621 
  0.00124   0.00056   7.09566  25.64621 
  0.00124   0.00060   7.04669  25.64621 
  0.00124   0.00064   6.99610  25.64621 
  0.00124   0.00068   6.66967  25.64621 
  0.00124   0.00072   5.87880  25.64621 
  0.00124   0.00076   6.59513  25.64621 
  0.00124   0.00080   6.91052  25.64621 
  0.00124   0.00084   7.12370  25.64621 
  0.00124   0.00088   7.17424  25.64621 
  0.00124   0.00092   7.23724  25.64621 
  0.00128   0.00004  11.18315  32.94428 
  0.00128   0.00008  11.13433  32.94428 
  0.00128   0.00012  11.15532  32.94428 
  0.00128   0.00016  11.49107  32.94428 
  0.00128   0.00020  11.61797  32.94428 
  0.00128   0.00024  11.65906  32.94428 
  0.00128   0.00028  11.66382  32.94428 
  0.00128   0.00032  11.43214  32.94428 
  0.00128   0.00036  11.29668  32.94428 
  0.00128   0.00040  11.27429  32.94428 
  0.00128   0.00044  11.20902  32.94428 
  0.00128   0.00048   7.73003  32.94428 
  0.00128   0.00052   7.70451  32.94428 
  0.00128   0.00056   7.64055  32.94428 
  0.00128   0.00060   7.39910  32.94428 
  0.00128   0.00064   7.35495  32.94428 
  0.00128   0.00068   7.09186  32.94428 
  0.00128   0.00072   7.06702  32.94428 
  0.00128   0.00076   7.08063  32.94428 
  0.00128   0.00080   7.30938  32.94428 
  0.00128   0.00084   7.56349  32.94428 
  0.00128   0.00088   7.73644  32.94428 
  0.00128   0.00092   7.68138  32.94428 
  0.00132   0.00004  12.18279  39.64026 
  0.00132   0.00008  12.31695  39.64026 
  0.00132   0.00012  12.42128  39.64026 
  0.00132   0.00016  12.55081  39.64026 
  0.00132   0.00020  12.63569  39.64026 
  0.00132   0.00024  12.68087  39.64026 
  0.00132   0.00028  12.62367  39.64026 
  0.00132   0.00032  12.52649  39.64026 
  0.00132   0.00036  12.38746  39.64026 
  0.00132   0.00040  12.29243  39.64026 
  0.00132   0.00044  12.13094  39.64026 
  0.00132   0.00048   8.55289  39.64026 
  0.00132   0.00052   8.38399  39.64026 
  0.00132   0.00056   8.44563  39.64026 
  0.00132   0.00060   8.16837  39.64026 
  0.00132   0.00064   8.10164  39.64026 
  0.00132   0.00068   7.98127  39.64026 
  0.00132   0.00072   7.92559  39.64026 
  0.00132   0.00076   7.99693  39.64026 
  0.00132   0.00080   8.12174  39.64026 
  0.00132   0.00084   8.28281  39.64026 
  0.00132   0.00088   8.25984  39.64026 
  0.00132   0.00092   8.44705  39.64026 
  0.00136   0.00004  13.07142  46.03521 
  0.00136   0.00008  13.07737  46.03521 
  0.00136   0.00012  13.25408  46.03521 
  0.00136   0.00016  13.45966  46.03521 
  0.00136   0.00020  13.39410  46.03521 
  0.00136   0.00024  12.83044  46.03521 
  0.00136   0.00028  13.36708  46.03521 
  0.00136   0.00032  13.40974  46.03521 
  0.00136   0.00036  13.18562  46.03521 
  0.00136   0.00040  13.26325  46.03521 
  0.00136   0.00044  12.99501  46.03521 
  0.00136   0.00048   9.52284  46.03521 
  0.00136   0.00052   9.23595  46.03521 
  0.00136   0.00056   9.15171  46.03521 
  0.00136   0.00060   8.98745  46.03521 
  0.00136   0.00064   9.08327  46.03521 
  0.00136   0.00068   9.09527  46.03521 
  0.00136   0.00072   9.63360  46.03521 
  0.00136   0.00076   8.95345  46.03521 
  0.00136   0.00080   9.03881  46.03521 
  0.00136   0.00084   9.05781  46.03521 
  0.00136   0.00088   9.26980  46.03521 
  0.00136   0.00092   9.33424  46.03521 
  0.00140   0.00004  13.77711  50.90105 
  0.00140   0.00008  14.00803  50.90105 
  0.00140   0.00012  14.18374  50.90105 
  0.00140   0.00016  14.24980  50.90105 
  0.00140   0.00020  14.28644  50.90105 
  0.00140   0.00024  14.47860  50.90105 
  0.00140   0.00028  14.38174  50.90105 
  0.00140   0.00032  14.18623  50.90105 
  0.00140   0.00036  14.10105  50.90105 
  0.00140   0.00040  14.08901  50.90105 
  0.00140   0.00044  13.82790  50.90105 
  0.00140   0.00048  10.42945  50.90105 
  0.00140   0.00052  10.22517  50.90105 
  0.00140   0.00056  10.24478  50.90105 
  0.00140   0.00060  10.04257  50.90105 
  0.00140   0.00064  10.09554  50.90105 
  0.00140   0.00068   9.85756  50.90105 
  0.00140   0.00072   9.77127  50.90105 
  0.00140   0.00076   9.86352  50.90105 
  0.00140   0.00080  10.15604  50.90105 
  0.00140   0.00084  10.14308  50.90105 
  0.00140   0.00088  10.06469  50.90105 
  0.00140   0.00092  10.21323  50.90105 
