ZONE T="Visual 15e.dat"
I= 23,J= 35,K=1,F=POINT
  0.00004   0.00004  12.26386  49.05222 
  0.00004   0.00008  12.06130  49.05222 
  0.00004   0.00012  12.20278  49.05222 
  0.00004   0.00016  11.93230  49.05222 
  0.00004   0.00020  11.62787  49.05222 
  0.00004   0.00024  11.80352  49.05222 
  0.00004   0.00028  12.16916  49.05222 
  0.00004   0.00032  11.92824  49.05222 
  0.00004   0.00036  12.30493  49.05222 
  0.00004   0.00040  12.19592  49.05222 
  0.00004   0.00044  12.27453  49.05222 
  0.00004   0.00048  11.18077  49.05222 
  0.00004   0.00052  11.16574  49.05222 
  0.00004   0.00056  11.04595  49.05222 
  0.00004   0.00060  11.42863  49.05222 
  0.00004   0.00064  11.43601  49.05222 
  0.00004   0.00068  11.15657  49.05222 
  0.00004   0.00072  11.80352  49.05222 
  0.00004   0.00076  11.15978  49.05222 
  0.00004   0.00080  11.42971  49.05222 
  0.00004   0.00084  11.25382  49.05222 
  0.00004   0.00088  11.33991  49.05222 
  0.00004   0.00092  11.15510  49.05222 
  0.00008   0.00004  12.84107  53.62457 
  0.00008   0.00008  13.00283  53.62457 
  0.00008   0.00012  13.23817  53.62457 
  0.00008   0.00016  12.69821  53.62457 
  0.00008   0.00020  12.41118  53.62457 
  0.00008   0.00024  12.54365  53.62457 
  0.00008   0.00028  12.90452  53.62457 
  0.00008   0.00032  12.61104  53.62457 
  0.00008   0.00036  12.82378  53.62457 
  0.00008   0.00040  12.99374  53.62457 
  0.00008   0.00044  13.31714  53.62457 
  0.00008   0.00048  11.50810  53.62457 
  0.00008   0.00052  12.09432  53.62457 
  0.00008   0.00056  11.89866  53.62457 
  0.00008   0.00060  12.12208  53.62457 
  0.00008   0.00064  12.01664  53.62457 
  0.00008   0.00068  11.81914  53.62457 
  0.00008   0.00072  12.54365  53.62457 
  0.00008   0.00076  11.96084  53.62457 
  0.00008   0.00080  11.92210  53.62457 
  0.00008   0.00084  11.88008  53.62457 
  0.00008   0.00088  11.88104  53.62457 
  0.00008   0.00092  11.61831  53.62457 
  0.00012   0.00004  13.87776  56.82068 
  0.00012   0.00008  13.62696  56.82068 
  0.00012   0.00012  13.67013  56.82068 
  0.00012   0.00016  13.33486  56.82068 
  0.00012   0.00020  13.21265  56.82068 
  0.00012   0.00024  13.20727  56.82068 
  0.00012   0.00028  13.23160  56.82068 
  0.00012   0.00032  13.23283  56.82068 
  0.00012   0.00036  13.76203  56.82068 
  0.00012   0.00040  14.02858  56.82068 
  0.00012   0.00044  13.74482  56.82068 
  0.00012   0.00048  12.68935  56.82068 
  0.00012   0.00052  12.47434  56.82068 
  0.00012   0.00056  12.21829  56.82068 
  0.00012   0.00060  12.47236  56.82068 
  0.00012   0.00064  12.58374  56.82068 
  0.00012   0.00068  12.76048  56.82068 
  0.00012   0.00072  13.20727  56.82068 
  0.00012   0.00076  12.79429  56.82068 
  0.00012   0.00080  12.93852  56.82068 
  0.00012   0.00084  12.45004  56.82068 
  0.00012   0.00088  12.65236  56.82068 
  0.00012   0.00092  12.60749  56.82068 
  0.00016   0.00004  14.65338  59.32867 
  0.00016   0.00008  14.61218  59.32867 
  0.00016   0.00012  14.52488  59.32867 
  0.00016   0.00016  14.22435  59.32867 
  0.00016   0.00020  13.96328  59.32867 
  0.00016   0.00024  13.76875  59.32867 
  0.00016   0.00028  13.99077  59.32867 
  0.00016   0.00032  13.89309  59.32867 
  0.00016   0.00036  14.00492  59.32867 
  0.00016   0.00040  14.35700  59.32867 
  0.00016   0.00044  14.16772  59.32867 
  0.00016   0.00048  12.93857  59.32867 
  0.00016   0.00052  12.99043  59.32867 
  0.00016   0.00056  13.05851  59.32867 
  0.00016   0.00060  13.17907  59.32867 
  0.00016   0.00064  12.98442  59.32867 
  0.00016   0.00068  13.65168  59.32867 
  0.00016   0.00072  13.76875  59.32867 
  0.00016   0.00076  13.52836  59.32867 
  0.00016   0.00080  13.23145  59.32867 
  0.00016   0.00084  13.37370  59.32867 
  0.00016   0.00088  12.95180  59.32867 
  0.00016   0.00092  13.47682  59.32867 
  0.00020   0.00004  14.78838  59.52680 
  0.00020   0.00008  14.87339  59.52680 
  0.00020   0.00012  14.75393  59.52680 
  0.00020   0.00016  14.73503  59.52680 
  0.00020   0.00020  14.15587  59.52680 
  0.00020   0.00024  14.20635  59.52680 
  0.00020   0.00028  14.16892  59.52680 
  0.00020   0.00032  14.79704  59.52680 
  0.00020   0.00036  14.82424  59.52680 
  0.00020   0.00040  14.80433  59.52680 
  0.00020   0.00044  14.78083  59.52680 
  0.00020   0.00048  13.64880  59.52680 
  0.00020   0.00052  13.98141  59.52680 
  0.00020   0.00056  13.85478  59.52680 
  0.00020   0.00060  13.83424  59.52680 
  0.00020   0.00064  13.86927  59.52680 
  0.00020   0.00068  13.99111  59.52680 
  0.00020   0.00072  14.20635  59.52680 
  0.00020   0.00076  13.93471  59.52680 
  0.00020   0.00080  13.66056  59.52680 
  0.00020   0.00084  14.03631  59.52680 
  0.00020   0.00088  13.84086  59.52680 
  0.00020   0.00092  13.99165  59.52680 
  0.00024   0.00004  15.90646  58.94851 
  0.00024   0.00008  14.36078  58.94851 
  0.00024   0.00012  15.40148  58.94851 
  0.00024   0.00016  14.10061  58.94851 
  0.00024   0.00020  14.88323  58.94851 
  0.00024   0.00024  14.50308  58.94851 
  0.00024   0.00028  14.36388  58.94851 
  0.00024   0.00032  15.91544  58.94851 
  0.00024   0.00036  14.88330  58.94851 
  0.00024   0.00040  14.13391  58.94851 
  0.00024   0.00044  15.40242  58.94851 
  0.00024   0.00048  15.31691  58.94851 
  0.00024   0.00052  13.76536  58.94851 
  0.00024   0.00056  14.79751  58.94851 
  0.00024   0.00060  15.83081  58.94851 
  0.00024   0.00064  14.27839  58.94851 
  0.00024   0.00068  15.31691  58.94851 
  0.00024   0.00072  14.50308  58.94851 
  0.00024   0.00076  13.26070  58.94851 
  0.00024   0.00080  14.79750  58.94851 
  0.00024   0.00084  13.76534  58.94851 
  0.00024   0.00088  15.31683  58.94851 
  0.00024   0.00092  14.27807  58.94851 
  0.00028   0.00004  15.05414  56.81739 
  0.00028   0.00008  14.97480  56.81739 
  0.00028   0.00012  15.21426  56.81739 
  0.00028   0.00016  15.27978  56.81739 
  0.00028   0.00020  15.49632  56.81739 
  0.00028   0.00024  17.16893  56.81739 
  0.00028   0.00028  15.64032  56.81739 
  0.00028   0.00032  15.39110  56.81739 
  0.00028   0.00036  15.38736  56.81739 
  0.00028   0.00040  15.27746  56.81739 
  0.00028   0.00044  15.17774  56.81739 
  0.00028   0.00048  14.84526  56.81739 
  0.00028   0.00052  15.21766  56.81739 
  0.00028   0.00056  14.99207  56.81739 
  0.00028   0.00060  15.15517  56.81739 
  0.00028   0.00064  15.47502  56.81739 
  0.00028   0.00068  15.44433  56.81739 
  0.00028   0.00072  14.39299  56.81739 
  0.00028   0.00076  15.45323  56.81739 
  0.00028   0.00080  15.27122  56.81739 
  0.00028   0.00084  15.14547  56.81739 
  0.00028   0.00088  15.37814  56.81739 
  0.00028   0.00092  15.11625  56.81739 
  0.00032   0.00004  14.76138  53.27251 
  0.00032   0.00008  14.72885  53.27251 
  0.00032   0.00012  14.55567  53.27251 
  0.00032   0.00016  15.18441  53.27251 
  0.00032   0.00020  15.48740  53.27251 
  0.00032   0.00024  14.84354  53.27251 
  0.00032   0.00028  15.34961  53.27251 
  0.00032   0.00032  15.14801  53.27251 
  0.00032   0.00036  15.12875  53.27251 
  0.00032   0.00040  14.89776  53.27251 
  0.00032   0.00044  15.15389  53.27251 
  0.00032   0.00048  15.48163  53.27251 
  0.00032   0.00052  15.73496  53.27251 
  0.00032   0.00056  15.62854  53.27251 
  0.00032   0.00060  15.63937  53.27251 
  0.00032   0.00064  15.73903  53.27251 
  0.00032   0.00068  16.02045  53.27251 
  0.00032   0.00072  16.69965  53.27251 
  0.00032   0.00076  16.22890  53.27251 
  0.00032   0.00080  15.98577  53.27251 
  0.00032   0.00084  15.98545  53.27251 
  0.00032   0.00088  15.90274  53.27251 
  0.00032   0.00092  15.38432  53.27251 
  0.00036   0.00004  14.36890  49.02074 
  0.00036   0.00008  15.09372  49.02074 
  0.00036   0.00012  14.68155  49.02074 
  0.00036   0.00016  14.60297  49.02074 
  0.00036   0.00020  14.39469  49.02074 
  0.00036   0.00024  16.41667  49.02074 
  0.00036   0.00028  14.90153  49.02074 
  0.00036   0.00032  14.69632  49.02074 
  0.00036   0.00036  14.41048  49.02074 
  0.00036   0.00040  14.98732  49.02074 
  0.00036   0.00044  14.41028  49.02074 
  0.00036   0.00048  15.56549  49.02074 
  0.00036   0.00052  15.93399  49.02074 
  0.00036   0.00056  16.55447  49.02074 
  0.00036   0.00060  16.09367  49.02074 
  0.00036   0.00064  16.40747  49.02074 
  0.00036   0.00068  16.14074  49.02074 
  0.00036   0.00072  14.92615  49.02074 
  0.00036   0.00076  16.21889  49.02074 
  0.00036   0.00080  16.38042  49.02074 
  0.00036   0.00084  16.37714  49.02074 
  0.00036   0.00088  15.36706  49.02074 
  0.00036   0.00092  15.95525  49.02074 
  0.00040   0.00004  14.08570  43.06452 
  0.00040   0.00008  13.52849  43.06452 
  0.00040   0.00012  13.37461  43.06452 
  0.00040   0.00016  13.53704  43.06452 
  0.00040   0.00020  13.88465  43.06452 
  0.00040   0.00024  14.14698  43.06452 
  0.00040   0.00028  13.95000  43.06452 
  0.00040   0.00032  13.79568  43.06452 
  0.00040   0.00036  13.78376  43.06452 
  0.00040   0.00040  13.76054  43.06452 
  0.00040   0.00044  13.91338  43.06452 
  0.00040   0.00048  16.10257  43.06452 
  0.00040   0.00052  15.60866  43.06452 
  0.00040   0.00056  16.24455  43.06452 
  0.00040   0.00060  16.15784  43.06452 
  0.00040   0.00064  16.13969  43.06452 
  0.00040   0.00068  16.32247  43.06452 
  0.00040   0.00072  16.16802  43.06452 
  0.00040   0.00076  16.39997  43.06452 
  0.00040   0.00080  16.28624  43.06452 
  0.00040   0.00084  16.38953  43.06452 
  0.00040   0.00088  16.31203  43.06452 
  0.00040   0.00092  15.85360  43.06452 
  0.00044   0.00004  12.61014  36.73450 
  0.00044   0.00008  12.84064  36.73450 
  0.00044   0.00012  12.65858  36.73450 
  0.00044   0.00016  12.95566  36.73450 
  0.00044   0.00020  12.48575  36.73450 
  0.00044   0.00024  11.80195  36.73450 
  0.00044   0.00028  12.42669  36.73450 
  0.00044   0.00032  12.88796  36.73450 
  0.00044   0.00036  12.99092  36.73450 
  0.00044   0.00040  12.68864  36.73450 
  0.00044   0.00044  12.94032  36.73450 
  0.00044   0.00048  15.91473  36.73450 
  0.00044   0.00052  16.07475  36.73450 
  0.00044   0.00056  15.79551  36.73450 
  0.00044   0.00060  16.11281  36.73450 
  0.00044   0.00064  16.29736  36.73450 
  0.00044   0.00068  16.69799  36.73450 
  0.00044   0.00072  17.34672  36.73450 
  0.00044   0.00076  16.39904  36.73450 
  0.00044   0.00080  16.42308  36.73450 
  0.00044   0.00084  16.11034  36.73450 
  0.00044   0.00088  15.97265  36.73450 
  0.00044   0.00092  15.82595  36.73450 
  0.00048   0.00004  15.58669  29.65687 
  0.00048   0.00008  15.66237  29.65687 
  0.00048   0.00012  15.67652  29.65687 
  0.00048   0.00016  15.77253  29.65687 
  0.00048   0.00020  15.52106  29.65687 
  0.00048   0.00024  15.09327  29.65687 
  0.00048   0.00028  15.57208  29.65687 
  0.00048   0.00032  15.87351  29.65687 
  0.00048   0.00036  15.81392  29.65687 
  0.00048   0.00040  15.80144  29.65687 
  0.00048   0.00044  15.49682  29.65687 
  0.00048   0.00048  11.95168  29.65687 
  0.00048   0.00052  11.75560  29.65687 
  0.00048   0.00056  11.88337  29.65687 
  0.00048   0.00060  11.85875  29.65687 
  0.00048   0.00064  11.64899  29.65687 
  0.00048   0.00068  12.07786  29.65687 
  0.00048   0.00072  12.56977  29.65687 
  0.00048   0.00076  12.02875  29.65687 
  0.00048   0.00080  11.88623  29.65687 
  0.00048   0.00084  11.97819  29.65687 
  0.00048   0.00088  11.77637  29.65687 
  0.00048   0.00092  11.91366  29.65687 
  0.00052   0.00004  14.76311  22.29350 
  0.00052   0.00008  15.01095  22.29350 
  0.00052   0.00012  15.01533  22.29350 
  0.00052   0.00016  15.08101  22.29350 
  0.00052   0.00020  15.43611  22.29350 
  0.00052   0.00024  15.55118  22.29350 
  0.00052   0.00028  15.44944  22.29350 
  0.00052   0.00032  15.15474  22.29350 
  0.00052   0.00036  15.14225  22.29350 
  0.00052   0.00040  14.86163  22.29350 
  0.00052   0.00044  14.82798  22.29350 
  0.00052   0.00048  11.07013  22.29350 
  0.00052   0.00052  10.85282  22.29350 
  0.00052   0.00056  10.62548  22.29350 
  0.00052   0.00060  10.66699  22.29350 
  0.00052   0.00064  10.62424  22.29350 
  0.00052   0.00068  10.44893  22.29350 
  0.00052   0.00072  10.36141  22.29350 
  0.00052   0.00076  10.54257  22.29350 
  0.00052   0.00080  10.54874  22.29350 
  0.00052   0.00084  10.56180  22.29350 
  0.00052   0.00088  10.68728  22.29350 
  0.00052   0.00092  10.84531  22.29350 
  0.00056   0.00004  13.83218  14.78726 
  0.00056   0.00008  13.97320  14.78726 
  0.00056   0.00012  14.24713  14.78726 
  0.00056   0.00016  14.33670  14.78726 
  0.00056   0.00020  14.46151  14.78726 
  0.00056   0.00024  14.07392  14.78726 
  0.00056   0.00028  14.33150  14.78726 
  0.00056   0.00032  14.29766  14.78726 
  0.00056   0.00036  14.33537  14.78726 
  0.00056   0.00040  14.12700  14.78726 
  0.00056   0.00044  13.98288  14.78726 
  0.00056   0.00048  10.09188  14.78726 
  0.00056   0.00052   9.89357  14.78726 
  0.00056   0.00056   9.64269  14.78726 
  0.00056   0.00060   9.74591  14.78726 
  0.00056   0.00064   9.55586  14.78726 
  0.00056   0.00068   9.61535  14.78726 
  0.00056   0.00072  10.13862  14.78726 
  0.00056   0.00076   9.58569  14.78726 
  0.00056   0.00080   9.49315  14.78726 
  0.00056   0.00084   9.66671  14.78726 
  0.00056   0.00088   9.81081  14.78726 
  0.00056   0.00092   9.79031  14.78726 
  0.00060   0.00004  12.83929   7.58717 
  0.00060   0.00008  13.04772   7.58717 
  0.00060   0.00012  13.06620   7.58717 
  0.00060   0.00016  13.27010   7.58717 
  0.00060   0.00020  13.43458   7.58717 
  0.00060   0.00024  13.53376   7.58717 
  0.00060   0.00028  13.45219   7.58717 
  0.00060   0.00032  13.29910   7.58717 
  0.00060   0.00036  13.20457   7.58717 
  0.00060   0.00040  12.85776   7.58717 
  0.00060   0.00044  12.95237   7.58717 
  0.00060   0.00048   9.04327   7.58717 
  0.00060   0.00052   8.93486   7.58717 
  0.00060   0.00056   8.77682   7.58717 
  0.00060   0.00060   8.67011   7.58717 
  0.00060   0.00064   8.53530   7.58717 
  0.00060   0.00068   8.42223   7.58717 
  0.00060   0.00072   8.34742   7.58717 
  0.00060   0.00076   8.41099   7.58717 
  0.00060   0.00080   8.49124   7.58717 
  0.00060   0.00084   8.63638   7.58717 
  0.00060   0.00088   8.75230   7.58717 
  0.00060   0.00092   8.85954   7.58717 
  0.00064   0.00004  11.77557   0.72407 
  0.00064   0.00008  11.70637   0.72407 
  0.00064   0.00012  11.88518   0.72407 
  0.00064   0.00016  12.11626   0.72407 
  0.00064   0.00020  12.31478   0.72407 
  0.00064   0.00024  12.26792   0.72407 
  0.00064   0.00028  12.32283   0.72407 
  0.00064   0.00032  12.06399   0.72407 
  0.00064   0.00036  12.06326   0.72407 
  0.00064   0.00040  11.82250   0.72407 
  0.00064   0.00044  11.77046   0.72407 
  0.00064   0.00048   8.15389   0.72407 
  0.00064   0.00052   8.10043   0.72407 
  0.00064   0.00056   8.01993   0.72407 
  0.00064   0.00060   7.98617   0.72407 
  0.00064   0.00064   7.77533   0.72407 
  0.00064   0.00068   7.46309   0.72407 
  0.00064   0.00072   7.49186   0.72407 
  0.00064   0.00076   7.51410   0.72407 
  0.00064   0.00080   7.71710   0.72407 
  0.00064   0.00084   8.11040   0.72407 
  0.00064   0.00088   8.16559   0.72407 
  0.00064   0.00092   8.13339   0.72407 
  0.00068   0.00004  10.51274  -5.46506 
  0.00068   0.00008  10.57002  -5.46506 
  0.00068   0.00012  10.59026  -5.46506 
  0.00068   0.00016  10.74600  -5.46506 
  0.00068   0.00020  10.92220  -5.46506 
  0.00068   0.00024  11.57049  -5.46506 
  0.00068   0.00028  10.85295  -5.46506 
  0.00068   0.00032  10.66705  -5.46506 
  0.00068   0.00036  10.68919  -5.46506 
  0.00068   0.00040  10.66103  -5.46506 
  0.00068   0.00044  10.62355  -5.46506 
  0.00068   0.00048   7.54476  -5.46506 
  0.00068   0.00052   7.62498  -5.46506 
  0.00068   0.00056   7.46646  -5.46506 
  0.00068   0.00060   7.50118  -5.46506 
  0.00068   0.00064   7.37799  -5.46506 
  0.00068   0.00068   7.02339  -5.46506 
  0.00068   0.00072   6.12148  -5.46506 
  0.00068   0.00076   6.90563  -5.46506 
  0.00068   0.00080   7.27608  -5.46506 
  0.00068   0.00084   7.35457  -5.46506 
  0.00068   0.00088   7.55261  -5.46506 
  0.00068   0.00092   7.52993  -5.46506 
  0.00072   0.00004   8.91962 -10.57634 
  0.00072   0.00008   9.35134 -10.57634 
  0.00072   0.00012   9.73652 -10.57634 
  0.00072   0.00016   9.14556 -10.57634 
  0.00072   0.00020   9.55266 -10.57634 
  0.00072   0.00024   8.72058 -10.57634 
  0.00072   0.00028   9.35474 -10.57634 
  0.00072   0.00032   8.70029 -10.57634 
  0.00072   0.00036   9.55278 -10.57634 
  0.00072   0.00040   9.14596 -10.57634 
  0.00072   0.00044   9.73770 -10.57634 
  0.00072   0.00048   7.27157 -10.57634 
  0.00072   0.00052   7.69719 -10.57634 
  0.00072   0.00056   7.07353 -10.57634 
  0.00072   0.00060   7.48035 -10.57634 
  0.00072   0.00064   6.88861 -10.57634 
  0.00072   0.00068   7.27157 -10.57634 
  0.00072   0.00072   8.72058 -10.57634 
  0.00072   0.00076   7.48035 -10.57634 
  0.00072   0.00080   7.07352 -10.57634 
  0.00072   0.00084   7.69716 -10.57634 
  0.00072   0.00088   7.27147 -10.57634 
  0.00072   0.00092   6.88830 -10.57634 
  0.00076   0.00004   8.66662 -15.14869 
  0.00076   0.00008   8.66565 -15.14869 
  0.00076   0.00012   8.55508 -15.14869 
  0.00076   0.00016   8.47908 -15.14869 
  0.00076   0.00020   8.38157 -15.14869 
  0.00076   0.00024   8.12059 -15.14869 
  0.00076   0.00028   8.55595 -15.14869 
  0.00076   0.00032   8.62411 -15.14869 
  0.00076   0.00036   8.44487 -15.14869 
  0.00076   0.00040   8.35767 -15.14869 
  0.00076   0.00044   8.49528 -15.14869 
  0.00076   0.00048   6.70616 -15.14869 
  0.00076   0.00052   6.66919 -15.14869 
  0.00076   0.00056   6.86706 -15.14869 
  0.00076   0.00060   7.04895 -15.14869 
  0.00076   0.00064   7.18154 -15.14869 
  0.00076   0.00068   7.18756 -15.14869 
  0.00076   0.00072   8.12059 -15.14869 
  0.00076   0.00076   7.23733 -15.14869 
  0.00076   0.00080   6.99497 -15.14869 
  0.00076   0.00084   6.90727 -15.14869 
  0.00076   0.00088   6.71194 -15.14869 
  0.00076   0.00092   6.84466 -15.14869 
  0.00080   0.00004   7.65453 -17.65668 
  0.00080   0.00008   7.77918 -17.65668 
  0.00080   0.00012   7.52637 -17.65668 
  0.00080   0.00016   7.58442 -17.65668 
  0.00080   0.00020   7.56126 -17.65668 
  0.00080   0.00024   7.59801 -17.65668 
  0.00080   0.00028   7.68872 -17.65668 
  0.00080   0.00032   7.57776 -17.65668 
  0.00080   0.00036   7.95444 -17.65668 
  0.00080   0.00040   7.77993 -17.65668 
  0.00080   0.00044   7.63686 -17.65668 
  0.00080   0.00048   6.37045 -17.65668 
  0.00080   0.00052   6.63138 -17.65668 
  0.00080   0.00056   6.50990 -17.65668 
  0.00080   0.00060   6.91882 -17.65668 
  0.00080   0.00064   6.90045 -17.65668 
  0.00080   0.00068   7.06591 -17.65668 
  0.00080   0.00072   7.59801 -17.65668 
  0.00080   0.00076   6.93873 -17.65668 
  0.00080   0.00080   7.04548 -17.65668 
  0.00080   0.00084   6.51381 -17.65668 
  0.00080   0.00088   6.57870 -17.65668 
  0.00080   0.00092   6.65091 -17.65668 
  0.00084   0.00004   6.93915 -19.39471 
  0.00084   0.00008   6.81120 -19.39471 
  0.00084   0.00012   7.08204 -19.39471 
  0.00084   0.00016   7.20238 -19.39471 
  0.00084   0.00020   6.95931 -19.39471 
  0.00084   0.00024   7.16830 -19.39471 
  0.00084   0.00028   6.89576 -19.39471 
  0.00084   0.00032   7.12542 -19.39471 
  0.00084   0.00036   7.03287 -19.39471 
  0.00084   0.00040   7.38981 -19.39471 
  0.00084   0.00044   7.13572 -19.39471 
  0.00084   0.00048   6.33737 -19.39471 
  0.00084   0.00052   6.52073 -19.39471 
  0.00084   0.00056   6.34703 -19.39471 
  0.00084   0.00060   6.58793 -19.39471 
  0.00084   0.00064   6.71039 -19.39471 
  0.00084   0.00068   6.98853 -19.39471 
  0.00084   0.00072   7.16830 -19.39471 
  0.00084   0.00076   6.64002 -19.39471 
  0.00084   0.00080   6.56242 -19.39471 
  0.00084   0.00084   6.65689 -19.39471 
  0.00084   0.00088   6.73484 -19.39471 
  0.00084   0.00092   6.32498 -19.39471 
  0.00088   0.00004   6.61842 -19.59284 
  0.00088   0.00008   6.67590 -19.59284 
  0.00088   0.00012   6.76568 -19.59284 
  0.00088   0.00016   6.77281 -19.59284 
  0.00088   0.00020   6.47145 -19.59284 
  0.00088   0.00024   6.84333 -19.59284 
  0.00088   0.00028   6.77083 -19.59284 
  0.00088   0.00032   6.50899 -19.59284 
  0.00088   0.00036   6.60593 -19.59284 
  0.00088   0.00040   6.64963 -19.59284 
  0.00088   0.00044   6.76244 -19.59284 
  0.00088   0.00048   5.88436 -19.59284 
  0.00088   0.00052   6.24011 -19.59284 
  0.00088   0.00056   6.22912 -19.59284 
  0.00088   0.00060   6.59229 -19.59284 
  0.00088   0.00064   6.45914 -19.59284 
  0.00088   0.00068   6.44546 -19.59284 
  0.00088   0.00072   6.84333 -19.59284 
  0.00088   0.00076   6.46819 -19.59284 
  0.00088   0.00080   6.39171 -19.59284 
  0.00088   0.00084   6.30661 -19.59284 
  0.00088   0.00088   6.26946 -19.59284 
  0.00088   0.00092   6.09646 -19.59284 
  0.00092   0.00004   6.32842 -18.23814 
  0.00092   0.00008   6.26832 -18.23814 
  0.00092   0.00012   6.43071 -18.23814 
  0.00092   0.00016   6.30507 -18.23814 
  0.00092   0.00020   6.09631 -18.23814 
  0.00092   0.00024   6.63148 -18.23814 
  0.00092   0.00028   6.37131 -18.23814 
  0.00092   0.00032   6.35991 -18.23814 
  0.00092   0.00036   6.26010 -18.23814 
  0.00092   0.00040   6.57959 -18.23814 
  0.00092   0.00044   6.48618 -18.23814 
  0.00092   0.00048   6.23211 -18.23814 
  0.00092   0.00052   6.16064 -18.23814 
  0.00092   0.00056   6.08534 -18.23814 
  0.00092   0.00060   6.27884 -18.23814 
  0.00092   0.00064   6.30713 -18.23814 
  0.00092   0.00068   6.41071 -18.23814 
  0.00092   0.00072   6.63148 -18.23814 
  0.00092   0.00076   6.07527 -18.23814 
  0.00092   0.00080   6.33511 -18.23814 
  0.00092   0.00084   6.08327 -18.23814 
  0.00092   0.00088   6.30061 -18.23814 
  0.00092   0.00092   6.00306 -18.23814 
  0.00096   0.00004   6.03000 -16.10702 
  0.00096   0.00008   6.02886 -16.10702 
  0.00096   0.00012   6.18614 -16.10702 
  0.00096   0.00016   6.19707 -16.10702 
  0.00096   0.00020   6.76637 -16.10702 
  0.00096   0.00024   6.07319 -16.10702 
  0.00096   0.00028   6.12256 -16.10702 
  0.00096   0.00032   6.26346 -16.10702 
  0.00096   0.00036   6.06572 -16.10702 
  0.00096   0.00040   6.32062 -16.10702 
  0.00096   0.00044   6.37558 -16.10702 
  0.00096   0.00048   6.31967 -16.10702 
  0.00096   0.00052   6.32978 -16.10702 
  0.00096   0.00056   6.27111 -16.10702 
  0.00096   0.00060   6.04110 -16.10702 
  0.00096   0.00064   6.24319 -16.10702 
  0.00096   0.00068   6.07542 -16.10702 
  0.00096   0.00072   6.07319 -16.10702 
  0.00096   0.00076   6.74560 -16.10702 
  0.00096   0.00080   6.17523 -16.10702 
  0.00096   0.00084   6.14861 -16.10702 
  0.00096   0.00088   6.40072 -16.10702 
  0.00096   0.00092   5.98431 -16.10702 
  0.00100   0.00004   6.46392 -11.85525 
  0.00100   0.00008   6.23896 -11.85525 
  0.00100   0.00012   6.52994 -11.85525 
  0.00100   0.00016   6.35231 -11.85525 
  0.00100   0.00020   6.66451 -11.85525 
  0.00100   0.00024   6.11171 -11.85525 
  0.00100   0.00028   6.35092 -11.85525 
  0.00100   0.00032   6.38308 -11.85525 
  0.00100   0.00036   6.34371 -11.85525 
  0.00100   0.00040   6.47677 -11.85525 
  0.00100   0.00044   6.32165 -11.85525 
  0.00100   0.00048   6.09921 -11.85525 
  0.00100   0.00052   5.89595 -11.85525 
  0.00100   0.00056   5.89376 -11.85525 
  0.00100   0.00060   6.29549 -11.85525 
  0.00100   0.00064   6.27197 -11.85525 
  0.00100   0.00068   6.30483 -11.85525 
  0.00100   0.00072   6.11171 -11.85525 
  0.00100   0.00076   6.59561 -11.85525 
  0.00100   0.00080   6.33005 -11.85525 
  0.00100   0.00084   6.11524 -11.85525 
  0.00100   0.00088   6.20161 -11.85525 
  0.00100   0.00092   6.03840 -11.85525 
  0.00104   0.00004   6.68964  -7.03534 
  0.00104   0.00008   6.58771  -7.03534 
  0.00104   0.00012   6.64374  -7.03534 
  0.00104   0.00016   6.64907  -7.03534 
  0.00104   0.00020   6.64707  -7.03534 
  0.00104   0.00024   6.28551  -7.03534 
  0.00104   0.00028   6.67569  -7.03534 
  0.00104   0.00032   6.58612  -7.03534 
  0.00104   0.00036   6.36654  -7.03534 
  0.00104   0.00040   6.62412  -7.03534 
  0.00104   0.00044   6.51608  -7.03534 
  0.00104   0.00048   5.70565  -7.03534 
  0.00104   0.00052   5.91146  -7.03534 
  0.00104   0.00056   6.13102  -7.03534 
  0.00104   0.00060   6.27070  -7.03534 
  0.00104   0.00064   6.46609  -7.03534 
  0.00104   0.00068   6.29018  -7.03534 
  0.00104   0.00072   6.28551  -7.03534 
  0.00104   0.00076   6.59430  -7.03534 
  0.00104   0.00080   6.22626  -7.03534 
  0.00104   0.00084   5.86003  -7.03534 
  0.00104   0.00088   6.10200  -7.03534 
  0.00104   0.00092   6.08535  -7.03534 
  0.00108   0.00004   7.00679  -1.07912 
  0.00108   0.00008   6.68379  -1.07912 
  0.00108   0.00012   6.84682  -1.07912 
  0.00108   0.00016   7.04372  -1.07912 
  0.00108   0.00020   7.05756  -1.07912 
  0.00108   0.00024   6.59004  -1.07912 
  0.00108   0.00028   6.74065  -1.07912 
  0.00108   0.00032   6.91507  -1.07912 
  0.00108   0.00036   6.91506  -1.07912 
  0.00108   0.00040   7.05151  -1.07912 
  0.00108   0.00044   6.79538  -1.07912 
  0.00108   0.00048   6.09364  -1.07912 
  0.00108   0.00052   6.07045  -1.07912 
  0.00108   0.00056   5.93286  -1.07912 
  0.00108   0.00060   6.39084  -1.07912 
  0.00108   0.00064   6.44658  -1.07912 
  0.00108   0.00068   6.77290  -1.07912 
  0.00108   0.00072   6.59004  -1.07912 
  0.00108   0.00076   6.71931  -1.07912 
  0.00108   0.00080   6.34968  -1.07912 
  0.00108   0.00084   6.34384  -1.07912 
  0.00108   0.00088   6.48211  -1.07912 
  0.00108   0.00092   6.28240  -1.07912 
  0.00112   0.00004   7.43717   5.62471 
  0.00112   0.00008   7.56271   5.62471 
  0.00112   0.00012   7.71127   5.62471 
  0.00112   0.00016   7.33917   5.62471 
  0.00112   0.00020   7.58306   5.62471 
  0.00112   0.00024   7.01672   5.62471 
  0.00112   0.00028   7.46804   5.62471 
  0.00112   0.00032   7.48940   5.62471 
  0.00112   0.00036   7.35079   5.62471 
  0.00112   0.00040   7.64051   5.62471 
  0.00112   0.00044   7.47955   5.62471 
  0.00112   0.00048   6.06424   5.62471 
  0.00112   0.00052   6.34611   5.62471 
  0.00112   0.00056   6.27576   5.62471 
  0.00112   0.00060   6.20424   5.62471 
  0.00112   0.00064   6.73382   5.62471 
  0.00112   0.00068   6.79999   5.62471 
  0.00112   0.00072   7.01672   5.62471 
  0.00112   0.00076   6.92346   5.62471 
  0.00112   0.00080   6.71753   5.62471 
  0.00112   0.00084   6.64091   5.62471 
  0.00112   0.00088   6.29474   5.62471 
  0.00112   0.00092   6.30454   5.62471 
  0.00116   0.00004   8.24906  12.70234 
  0.00116   0.00008   8.03251  12.70234 
  0.00116   0.00012   8.27560  12.70234 
  0.00116   0.00016   8.28365  12.70234 
  0.00116   0.00020   8.23314  12.70234 
  0.00116   0.00024   7.55205  12.70234 
  0.00116   0.00028   7.91148  12.70234 
  0.00116   0.00032   8.11312  12.70234 
  0.00116   0.00036   8.12244  12.70234 
  0.00116   0.00040   8.23339  12.70234 
  0.00116   0.00044   8.41072  12.70234 
  0.00116   0.00048   6.72605  12.70234 
  0.00116   0.00052   6.47238  12.70234 
  0.00116   0.00056   6.66474  12.70234 
  0.00116   0.00060   6.65388  12.70234 
  0.00116   0.00064   6.59039  12.70234 
  0.00116   0.00068   7.23309  12.70234 
  0.00116   0.00072   7.55205  12.70234 
  0.00116   0.00076   7.02303  12.70234 
  0.00116   0.00080   6.71712  12.70234 
  0.00116   0.00084   6.53404  12.70234 
  0.00116   0.00088   6.73047  12.70234 
  0.00116   0.00092   6.31152  12.70234 
  0.00120   0.00004   9.36243  20.20858 
  0.00120   0.00008   9.04177  20.20858 
  0.00120   0.00012   8.96552  20.20858 
  0.00120   0.00016   9.20935  20.20858 
  0.00120   0.00020   8.86356  20.20858 
  0.00120   0.00024   8.17678  20.20858 
  0.00120   0.00028   9.04215  20.20858 
  0.00120   0.00032   9.36339  20.20858 
  0.00120   0.00036   8.86360  20.20858 
  0.00120   0.00040   9.20943  20.20858 
  0.00120   0.00044   8.52481  20.20858 
  0.00120   0.00048   6.86227  20.20858 
  0.00120   0.00052   6.54103  20.20858 
  0.00120   0.00056   7.04083  20.20858 
  0.00120   0.00060   6.69500  20.20858 
  0.00120   0.00064   7.22831  20.20858 
  0.00120   0.00068   6.86227  20.20858 
  0.00120   0.00072   8.17678  20.20858 
  0.00120   0.00076   6.69500  20.20858 
  0.00120   0.00080   7.04082  20.20858 
  0.00120   0.00084   6.54098  20.20858 
  0.00120   0.00088   6.86209  20.20858 
  0.00120   0.00092   7.22772  20.20858 
  0.00124   0.00004  10.22518  27.61277 
  0.00124   0.00008  10.19361  27.61277 
  0.00124   0.00012  10.33308  27.61277 
  0.00124   0.00016  10.33976  27.61277 
  0.00124   0.00020  10.55297  27.61277 
  0.00124   0.00024  11.05306  27.61277 
  0.00124   0.00028  10.43449  27.61277 
  0.00124   0.00032  10.25408  27.61277 
  0.00124   0.00036  10.18815  27.61277 
  0.00124   0.00040  10.25383  27.61277 
  0.00124   0.00044  10.13961  27.61277 
  0.00124   0.00048   7.15079  27.61277 
  0.00124   0.00052   7.11382  27.61277 
  0.00124   0.00056   7.05585  27.61277 
  0.00124   0.00060   6.99423  27.61277 
  0.00124   0.00064   6.93511  27.61277 
  0.00124   0.00068   6.59021  27.61277 
  0.00124   0.00072   5.76392  27.61277 
  0.00124   0.00076   6.50768  27.61277 
  0.00124   0.00080   6.84368  27.61277 
  0.00124   0.00084   7.07482  27.61277 
  0.00124   0.00088   7.12059  27.61277 
  0.00124   0.00092   7.20059  27.61277 
  0.00128   0.00004  11.30596  34.81285 
  0.00128   0.00008  11.24625  34.81285 
  0.00128   0.00012  11.26528  34.81285 
  0.00128   0.00016  11.62773  34.81285 
  0.00128   0.00020  11.76177  34.81285 
  0.00128   0.00024  11.85152  34.81285 
  0.00128   0.00028  11.80704  34.81285 
  0.00128   0.00032  11.55989  34.81285 
  0.00128   0.00036  11.43098  34.81285 
  0.00128   0.00040  11.39393  34.81285 
  0.00128   0.00044  11.31807  34.81285 
  0.00128   0.00048   7.73873  34.81285 
  0.00128   0.00052   7.70859  34.81285 
  0.00128   0.00056   7.64126  34.81285 
  0.00128   0.00060   7.39281  34.81285 
  0.00128   0.00064   7.32841  34.81285 
  0.00128   0.00068   7.04973  34.81285 
  0.00128   0.00072   6.97035  34.81285 
  0.00128   0.00076   7.02609  34.81285 
  0.00128   0.00080   7.28642  34.81285 
  0.00128   0.00084   7.56708  34.81285 
  0.00128   0.00088   7.74780  34.81285 
  0.00128   0.00092   7.69882  34.81285 
  0.00132   0.00004  12.39709  41.33897 
  0.00132   0.00008  12.56002  41.33897 
  0.00132   0.00012  12.66150  41.33897 
  0.00132   0.00016  12.79300  41.33897 
  0.00132   0.00020  12.88927  41.33897 
  0.00132   0.00024  12.92316  41.33897 
  0.00132   0.00028  12.87239  41.33897 
  0.00132   0.00032  12.77632  41.33897 
  0.00132   0.00036  12.61820  41.33897 
  0.00132   0.00040  12.52255  41.33897 
  0.00132   0.00044  12.34179  41.33897 
  0.00132   0.00048   8.64557  41.33897 
  0.00132   0.00052   8.46486  41.33897 
  0.00132   0.00056   8.54996  41.33897 
  0.00132   0.00060   8.22632  41.33897 
  0.00132   0.00064   8.15448  41.33897 
  0.00132   0.00068   8.02701  41.33897 
  0.00132   0.00072   7.97817  41.33897 
  0.00132   0.00076   8.04752  41.33897 
  0.00132   0.00080   8.17697  41.33897 
  0.00132   0.00084   8.34812  41.33897 
  0.00132   0.00088   8.31125  41.33897 
  0.00132   0.00092   8.53062  41.33897 
  0.00136   0.00004  13.38947  47.52811 
  0.00136   0.00008  13.38229  47.52811 
  0.00136   0.00012  13.57442  47.52811 
  0.00136   0.00016  13.79925  47.52811 
  0.00136   0.00020  13.72334  47.52811 
  0.00136   0.00024  13.07954  47.52811 
  0.00136   0.00028  13.69146  47.52811 
  0.00136   0.00032  13.74627  47.52811 
  0.00136   0.00036  13.49423  47.52811 
  0.00136   0.00040  13.58722  47.52811 
  0.00136   0.00044  13.29685  47.52811 
  0.00136   0.00048   9.70772  47.52811 
  0.00136   0.00052   9.39285  47.52811 
  0.00136   0.00056   9.31274  47.52811 
  0.00136   0.00060   9.12622  47.52811 
  0.00136   0.00064   9.24165  47.52811 
  0.00136   0.00068   9.26109  47.52811 
  0.00136   0.00072   9.87519  47.52811 
  0.00136   0.00076   9.09775  47.52811 
  0.00136   0.00080   9.19603  47.52811 
  0.00136   0.00084   9.20782  47.52811 
  0.00136   0.00088   9.44285  47.52811 
  0.00136   0.00092   9.50663  47.52811 
  0.00140   0.00004  14.16019  52.10045 
  0.00140   0.00008  14.41486  52.10045 
  0.00140   0.00012  14.60006  52.10045 
  0.00140   0.00016  14.67109  52.10045 
  0.00140   0.00020  14.70530  52.10045 
  0.00140   0.00024  14.91681  52.10045 
  0.00140   0.00028  14.80930  52.10045 
  0.00140   0.00032  14.59975  52.10045 
  0.00140   0.00036  14.50866  52.10045 
  0.00140   0.00040  14.49593  52.10045 
  0.00140   0.00044  14.21811  52.10045 
  0.00140   0.00048  10.71269  52.10045 
  0.00140   0.00052  10.49343  52.10045 
  0.00140   0.00056  10.51044  52.10045 
  0.00140   0.00060  10.29503  52.10045 
  0.00140   0.00064  10.36015  52.10045 
  0.00140   0.00068  10.10417  52.10045 
  0.00140   0.00072  10.00884  52.10045 
  0.00140   0.00076  10.11000  52.10045 
  0.00140   0.00080  10.42779  52.10045 
  0.00140   0.00084  10.40695  52.10045 
  0.00140   0.00088  10.31499  52.10045 
  0.00140   0.00092  10.47449  52.10045 
