ZONE T="Visual 18e.dat"
I= 23,J= 35,K=1,F=POINT
  0.00004   0.00004  13.19252  52.78393 
  0.00004   0.00008  12.94610  52.78393 
  0.00004   0.00012  13.12102  52.78393 
  0.00004   0.00016  12.83348  52.78393 
  0.00004   0.00020  12.45966  52.78393 
  0.00004   0.00024  12.76675  52.78393 
  0.00004   0.00028  13.07704  52.78393 
  0.00004   0.00032  12.82458  52.78393 
  0.00004   0.00036  13.27134  52.78393 
  0.00004   0.00040  13.14259  52.78393 
  0.00004   0.00044  13.20172  52.78393 
  0.00004   0.00048  12.16059  52.78393 
  0.00004   0.00052  12.10245  52.78393 
  0.00004   0.00056  11.92038  52.78393 
  0.00004   0.00060  12.35771  52.78393 
  0.00004   0.00064  12.38005  52.78393 
  0.00004   0.00068  12.06922  52.78393 
  0.00004   0.00072  12.76675  52.78393 
  0.00004   0.00076  12.00982  52.78393 
  0.00004   0.00080  12.38430  52.78393 
  0.00004   0.00084  12.16076  52.78393 
  0.00004   0.00088  12.30823  52.78393 
  0.00004   0.00092  12.09328  52.78393 
  0.00008   0.00004  13.96169  56.40961 
  0.00008   0.00008  14.12287  56.40961 
  0.00008   0.00012  14.34146  56.40961 
  0.00008   0.00016  13.81320  56.40961 
  0.00008   0.00020  13.43585  56.40961 
  0.00008   0.00024  13.66970  56.40961 
  0.00008   0.00028  14.02070  56.40961 
  0.00008   0.00032  13.65939  56.40961 
  0.00008   0.00036  13.89977  56.40961 
  0.00008   0.00040  14.10409  56.40961 
  0.00008   0.00044  14.45760  56.40961 
  0.00008   0.00048  12.57296  56.40961 
  0.00008   0.00052  13.20511  56.40961 
  0.00008   0.00056  13.00446  56.40961 
  0.00008   0.00060  13.27034  56.40961 
  0.00008   0.00064  13.11400  56.40961 
  0.00008   0.00068  12.85269  56.40961 
  0.00008   0.00072  13.66970  56.40961 
  0.00008   0.00076  13.00932  56.40961 
  0.00008   0.00080  12.99540  56.40961 
  0.00008   0.00084  12.96360  56.40961 
  0.00008   0.00088  12.97244  56.40961 
  0.00008   0.00092  12.70927  56.40961 
  0.00012   0.00004  15.15860  58.56237 
  0.00012   0.00008  14.84809  58.56237 
  0.00012   0.00012  14.93094  58.56237 
  0.00012   0.00016  14.55840  58.56237 
  0.00012   0.00020  14.40682  58.56237 
  0.00012   0.00024  14.46778  58.56237 
  0.00012   0.00028  14.42590  58.56237 
  0.00012   0.00032  14.40246  58.56237 
  0.00012   0.00036  15.01996  58.56237 
  0.00012   0.00040  15.38475  58.56237 
  0.00012   0.00044  14.97190  58.56237 
  0.00012   0.00048  14.03092  58.56237 
  0.00012   0.00052  13.75300  58.56237 
  0.00012   0.00056  13.43040  58.56237 
  0.00012   0.00060  13.71116  58.56237 
  0.00012   0.00064  13.82103  58.56237 
  0.00012   0.00068  13.99482  58.56237 
  0.00012   0.00072  14.46778  58.56237 
  0.00012   0.00076  14.02927  58.56237 
  0.00012   0.00080  14.21545  58.56237 
  0.00012   0.00084  13.71196  58.56237 
  0.00012   0.00088  13.96405  58.56237 
  0.00012   0.00092  13.93993  58.56237 
  0.00016   0.00004  16.06698  59.97865 
  0.00016   0.00008  16.01814  59.97865 
  0.00016   0.00012  15.90141  59.97865 
  0.00016   0.00016  15.55246  59.97865 
  0.00016   0.00020  15.30476  59.97865 
  0.00016   0.00024  15.12830  59.97865 
  0.00016   0.00028  15.34969  59.97865 
  0.00016   0.00032  15.16966  59.97865 
  0.00016   0.00036  15.32650  59.97865 
  0.00016   0.00040  15.69193  59.97865 
  0.00016   0.00044  15.48940  59.97865 
  0.00016   0.00048  14.37370  59.97865 
  0.00016   0.00052  14.41479  59.97865 
  0.00016   0.00056  14.50429  59.97865 
  0.00016   0.00060  14.57925  59.97865 
  0.00016   0.00064  14.34317  59.97865 
  0.00016   0.00068  15.04487  59.97865 
  0.00016   0.00072  15.12830  59.97865 
  0.00016   0.00076  14.91246  59.97865 
  0.00016   0.00080  14.64875  59.97865 
  0.00016   0.00084  14.85051  59.97865 
  0.00016   0.00088  14.35562  59.97865 
  0.00016   0.00092  14.99318  59.97865 
  0.00020   0.00004  16.20553  59.04691 
  0.00020   0.00008  16.28963  59.04691 
  0.00020   0.00012  16.17375  59.04691 
  0.00020   0.00016  16.13603  59.04691 
  0.00020   0.00020  15.49866  59.04691 
  0.00020   0.00024  15.62415  59.04691 
  0.00020   0.00028  15.51900  59.04691 
  0.00020   0.00032  16.23075  59.04691 
  0.00020   0.00036  16.24658  59.04691 
  0.00020   0.00040  16.20857  59.04691 
  0.00020   0.00044  16.21065  59.04691 
  0.00020   0.00048  15.26962  59.04691 
  0.00020   0.00052  15.61767  59.04691 
  0.00020   0.00056  15.46715  59.04691 
  0.00020   0.00060  15.40243  59.04691 
  0.00020   0.00064  15.44659  59.04691 
  0.00020   0.00068  15.48974  59.04691 
  0.00020   0.00072  15.62415  59.04691 
  0.00020   0.00076  15.44246  59.04691 
  0.00020   0.00080  15.18823  59.04691 
  0.00020   0.00084  15.65948  59.04691 
  0.00020   0.00088  15.45878  59.04691 
  0.00020   0.00092  15.61557  59.04691 
  0.00024   0.00004  17.45865  57.36288 
  0.00024   0.00008  15.70160  57.36288 
  0.00024   0.00012  16.88255  57.36288 
  0.00024   0.00016  15.37137  57.36288 
  0.00024   0.00020  16.29343  57.36288 
  0.00024   0.00024  15.93494  57.36288 
  0.00024   0.00028  15.70506  57.36288 
  0.00024   0.00032  17.46876  57.36288 
  0.00024   0.00036  16.29350  57.36288 
  0.00024   0.00040  15.50282  57.36288 
  0.00024   0.00044  16.88360  57.36288 
  0.00024   0.00048  17.16409  57.36288 
  0.00024   0.00052  15.40040  57.36288 
  0.00024   0.00056  16.57566  57.36288 
  0.00024   0.00060  17.74433  57.36288 
  0.00024   0.00064  15.98556  57.36288 
  0.00024   0.00068  17.16409  57.36288 
  0.00024   0.00072  15.93494  57.36288 
  0.00024   0.00076  14.82361  57.36288 
  0.00024   0.00080  16.57566  57.36288 
  0.00024   0.00084  15.40038  57.36288 
  0.00024   0.00088  17.16402  57.36288 
  0.00024   0.00092  15.98527  57.36288 
  0.00028   0.00004  16.44230  54.17431 
  0.00028   0.00008  16.35120  54.17431 
  0.00028   0.00012  16.62947  54.17431 
  0.00028   0.00016  16.69884  54.17431 
  0.00028   0.00020  16.95028  54.17431 
  0.00028   0.00024  18.82982  54.17431 
  0.00028   0.00028  17.12472  54.17431 
  0.00028   0.00032  16.83749  54.17431 
  0.00028   0.00036  16.81822  54.17431 
  0.00028   0.00040  16.68595  54.17431 
  0.00028   0.00044  16.57462  54.17431 
  0.00028   0.00048  16.61921  54.17431 
  0.00028   0.00052  17.04595  54.17431 
  0.00028   0.00056  16.80612  54.17431 
  0.00028   0.00060  16.99948  54.17431 
  0.00028   0.00064  17.39406  54.17431 
  0.00028   0.00068  17.42436  54.17431 
  0.00028   0.00072  16.34565  54.17431 
  0.00028   0.00076  17.44868  54.17431 
  0.00028   0.00080  17.17113  54.17431 
  0.00028   0.00084  17.00447  54.17431 
  0.00028   0.00088  17.24126  54.17431 
  0.00028   0.00092  16.93892  54.17431 
  0.00032   0.00004  16.04153  49.68926 
  0.00032   0.00008  16.02078  49.68926 
  0.00032   0.00012  15.82487  49.68926 
  0.00032   0.00016  16.51581  49.68926 
  0.00032   0.00020  16.86006  49.68926 
  0.00032   0.00024  16.15447  49.68926 
  0.00032   0.00028  16.71272  49.68926 
  0.00032   0.00032  16.49027  49.68926 
  0.00032   0.00036  16.47806  49.68926 
  0.00032   0.00040  16.19079  49.68926 
  0.00032   0.00044  16.49909  49.68926 
  0.00032   0.00048  17.26926  49.68926 
  0.00032   0.00052  17.57722  49.68926 
  0.00032   0.00056  17.48366  49.68926 
  0.00032   0.00060  17.53385  49.68926 
  0.00032   0.00064  17.67490  49.68926 
  0.00032   0.00068  18.02961  49.68926 
  0.00032   0.00072  18.81256  49.68926 
  0.00032   0.00076  18.25725  49.68926 
  0.00032   0.00080  17.94307  49.68926 
  0.00032   0.00084  17.91086  49.68926 
  0.00032   0.00088  17.76987  49.68926 
  0.00032   0.00092  17.16717  49.68926 
  0.00036   0.00004  15.49899  44.55598 
  0.00036   0.00008  16.26604  44.55598 
  0.00036   0.00012  15.83912  44.55598 
  0.00036   0.00016  15.75995  44.55598 
  0.00036   0.00020  15.54782  44.55598 
  0.00036   0.00024  17.72361  44.55598 
  0.00036   0.00028  16.08769  44.55598 
  0.00036   0.00032  15.86968  44.55598 
  0.00036   0.00036  15.54891  44.55598 
  0.00036   0.00040  16.16904  44.55598 
  0.00036   0.00044  15.54685  44.55598 
  0.00036   0.00048  17.28521  44.55598 
  0.00036   0.00052  17.70193  44.55598 
  0.00036   0.00056  18.38652  44.55598 
  0.00036   0.00060  17.93154  44.55598 
  0.00036   0.00064  18.29244  44.55598 
  0.00036   0.00068  18.04748  44.55598 
  0.00036   0.00072  16.75005  44.55598 
  0.00036   0.00076  18.12891  44.55598 
  0.00036   0.00080  18.27295  44.55598 
  0.00036   0.00084  18.23321  44.55598 
  0.00036   0.00088  17.13252  44.55598 
  0.00036   0.00092  17.72495  44.55598 
  0.00040   0.00004  15.03025  37.98047 
  0.00040   0.00008  14.45715  37.98047 
  0.00040   0.00012  14.29106  37.98047 
  0.00040   0.00016  14.46266  37.98047 
  0.00040   0.00020  14.81756  37.98047 
  0.00040   0.00024  15.09232  37.98047 
  0.00040   0.00028  14.88966  37.98047 
  0.00040   0.00032  14.72414  37.98047 
  0.00040   0.00036  14.74240  37.98047 
  0.00040   0.00040  14.69201  37.98047 
  0.00040   0.00044  14.86226  37.98047 
  0.00040   0.00048  17.69843  37.98047 
  0.00040   0.00052  17.21551  37.98047 
  0.00040   0.00056  17.91097  37.98047 
  0.00040   0.00060  17.84362  37.98047 
  0.00040   0.00064  17.85077  37.98047 
  0.00040   0.00068  18.07126  37.98047 
  0.00040   0.00072  17.92251  37.98047 
  0.00040   0.00076  18.15179  37.98047 
  0.00040   0.00080  18.00158  37.98047 
  0.00040   0.00084  18.08511  37.98047 
  0.00040   0.00088  17.96801  37.98047 
  0.00040   0.00092  17.46462  37.98047 
  0.00044   0.00004  13.28567  31.13877 
  0.00044   0.00008  13.51032  31.13877 
  0.00044   0.00012  13.33233  31.13877 
  0.00044   0.00016  13.63200  31.13877 
  0.00044   0.00020  13.15975  31.13877 
  0.00044   0.00024  12.46932  31.13877 
  0.00044   0.00028  13.09943  31.13877 
  0.00044   0.00032  13.56739  31.13877 
  0.00044   0.00036  13.67554  31.13877 
  0.00044   0.00040  13.36071  31.13877 
  0.00044   0.00044  13.63239  31.13877 
  0.00044   0.00048  17.29583  31.13877 
  0.00044   0.00052  17.49516  31.13877 
  0.00044   0.00056  17.23670  31.13877 
  0.00044   0.00060  17.58970  31.13877 
  0.00044   0.00064  17.78830  31.13877 
  0.00044   0.00068  18.21044  31.13877 
  0.00044   0.00072  18.87043  31.13877 
  0.00044   0.00076  17.90535  31.13877 
  0.00044   0.00080  17.91498  31.13877 
  0.00044   0.00084  17.57714  31.13877 
  0.00044   0.00088  17.42391  31.13877 
  0.00044   0.00092  17.23862  31.13877 
  0.00048   0.00004  16.70837  23.76470 
  0.00048   0.00008  16.80963  23.76470 
  0.00048   0.00012  16.85764  23.76470 
  0.00048   0.00016  16.97365  23.76470 
  0.00048   0.00020  16.74577  23.76470 
  0.00048   0.00024  16.34232  23.76470 
  0.00048   0.00028  16.79458  23.76470 
  0.00048   0.00032  17.07231  23.76470 
  0.00048   0.00036  16.99205  23.76470 
  0.00048   0.00040  16.96590  23.76470 
  0.00048   0.00044  16.64110  23.76470 
  0.00048   0.00048  12.38604  23.76470 
  0.00048   0.00052  12.18754  23.76470 
  0.00048   0.00056  12.29531  23.76470 
  0.00048   0.00060  12.24745  23.76470 
  0.00048   0.00064  12.05204  23.76470 
  0.00048   0.00068  12.46086  23.76470 
  0.00048   0.00072  12.92890  23.76470 
  0.00048   0.00076  12.41475  23.76470 
  0.00048   0.00080  12.27215  23.76470 
  0.00048   0.00084  12.37633  23.76470 
  0.00048   0.00088  12.19859  23.76470 
  0.00048   0.00092  12.33209  23.76470 
  0.00052   0.00004  15.53844  16.33946 
  0.00052   0.00008  15.80156  16.33946 
  0.00052   0.00012  15.84458  16.33946 
  0.00052   0.00016  15.94457  16.33946 
  0.00052   0.00020  16.29642  16.33946 
  0.00052   0.00024  16.40671  16.33946 
  0.00052   0.00028  16.31293  16.33946 
  0.00052   0.00032  16.01048  16.33946 
  0.00052   0.00036  15.96086  16.33946 
  0.00052   0.00040  15.66062  16.33946 
  0.00052   0.00044  15.63729  16.33946 
  0.00052   0.00048  11.22877  16.33946 
  0.00052   0.00052  11.02721  16.33946 
  0.00052   0.00056  10.77152  16.33946 
  0.00052   0.00060  10.80274  16.33946 
  0.00052   0.00064  10.74774  16.33946 
  0.00052   0.00068  10.55947  16.33946 
  0.00052   0.00072  10.48133  16.33946 
  0.00052   0.00076  10.64793  16.33946 
  0.00052   0.00080  10.68076  16.33946 
  0.00052   0.00084  10.70132  16.33946 
  0.00052   0.00088  10.85320  16.33946 
  0.00052   0.00092  10.99333  16.33946 
  0.00056   0.00004  14.23732   8.88863 
  0.00056   0.00008  14.41350   8.88863 
  0.00056   0.00012  14.67587   8.88863 
  0.00056   0.00016  14.81323   8.88863 
  0.00056   0.00020  14.92091   8.88863 
  0.00056   0.00024  14.63592   8.88863 
  0.00056   0.00028  14.83307   8.88863 
  0.00056   0.00032  14.76535   8.88863 
  0.00056   0.00036  14.74369   8.88863 
  0.00056   0.00040  14.56146   8.88863 
  0.00056   0.00044  14.36527   8.88863 
  0.00056   0.00048  10.06765   8.88863 
  0.00056   0.00052   9.84419   8.88863 
  0.00056   0.00056   9.57501   8.88863 
  0.00056   0.00060   9.61450   8.88863 
  0.00056   0.00064   9.43761   8.88863 
  0.00056   0.00068   9.43995   8.88863 
  0.00056   0.00072   9.82484   8.88863 
  0.00056   0.00076   9.42032   8.88863 
  0.00056   0.00080   9.36877   8.88863 
  0.00056   0.00084   9.55651   8.88863 
  0.00056   0.00088   9.71966   8.88863 
  0.00056   0.00092   9.77002   8.88863 
  0.00060   0.00004  12.85545   2.09041 
  0.00060   0.00008  13.00378   2.09041 
  0.00060   0.00012  13.07478   2.09041 
  0.00060   0.00016  13.30894   2.09041 
  0.00060   0.00020  13.51840   2.09041 
  0.00060   0.00024  13.65926   2.09041 
  0.00060   0.00028  13.52179   2.09041 
  0.00060   0.00032  13.33590   2.09041 
  0.00060   0.00036  13.22230   2.09041 
  0.00060   0.00040  12.78741   2.09041 
  0.00060   0.00044  12.98992   2.09041 
  0.00060   0.00048   8.85573   2.09041 
  0.00060   0.00052   8.74046   2.09041 
  0.00060   0.00056   8.58546   2.09041 
  0.00060   0.00060   8.41457   2.09041 
  0.00060   0.00064   8.26444   2.09041 
  0.00060   0.00068   8.05935   2.09041 
  0.00060   0.00072   7.91390   2.09041 
  0.00060   0.00076   8.06313   2.09041 
  0.00060   0.00080   8.17866   2.09041 
  0.00060   0.00084   8.41066   2.09041 
  0.00060   0.00088   8.59754   2.09041 
  0.00060   0.00092   8.64877   2.09041 
  0.00064   0.00004  11.46320  -4.26847 
  0.00064   0.00008  11.36807  -4.26847 
  0.00064   0.00012  11.56873  -4.26847 
  0.00064   0.00016  11.74331  -4.26847 
  0.00064   0.00020  11.90309  -4.26847 
  0.00064   0.00024  11.71993  -4.26847 
  0.00064   0.00028  11.95928  -4.26847 
  0.00064   0.00032  11.65710  -4.26847 
  0.00064   0.00036  11.71679  -4.26847 
  0.00064   0.00040  11.46123  -4.26847 
  0.00064   0.00044  11.42134  -4.26847 
  0.00064   0.00048   7.87065  -4.26847 
  0.00064   0.00052   7.80255  -4.26847 
  0.00064   0.00056   7.71726  -4.26847 
  0.00064   0.00060   7.73149  -4.26847 
  0.00064   0.00064   7.40740  -4.26847 
  0.00064   0.00068   7.00616  -4.26847 
  0.00064   0.00072   7.16863  -4.26847 
  0.00064   0.00076   7.07342  -4.26847 
  0.00064   0.00080   7.37702  -4.26847 
  0.00064   0.00084   7.78787  -4.26847 
  0.00064   0.00088   7.86787  -4.26847 
  0.00064   0.00092   7.87591  -4.26847 
  0.00068   0.00004   9.90183  -9.74864 
  0.00068   0.00008   9.95971  -9.74864 
  0.00068   0.00012   9.94913  -9.74864 
  0.00068   0.00016  10.06737  -9.74864 
  0.00068   0.00020  10.14936  -9.74864 
  0.00068   0.00024  10.91983  -9.74864 
  0.00068   0.00028  10.10320  -9.74864 
  0.00068   0.00032  10.01721  -9.74864 
  0.00068   0.00036  10.10339  -9.74864 
  0.00068   0.00040  10.05580  -9.74864 
  0.00068   0.00044  10.01078  -9.74864 
  0.00068   0.00048   7.15598  -9.74864 
  0.00068   0.00052   7.31157  -9.74864 
  0.00068   0.00056   7.09001  -9.74864 
  0.00068   0.00060   7.14462  -9.74864 
  0.00068   0.00064   7.05703  -9.74864 
  0.00068   0.00068   6.62495  -9.74864 
  0.00068   0.00072   5.45486  -9.74864 
  0.00068   0.00076   6.52411  -9.74864 
  0.00068   0.00080   6.90020  -9.74864 
  0.00068   0.00084   7.00942  -9.74864 
  0.00068   0.00088   7.22176  -9.74864 
  0.00068   0.00092   7.22043  -9.74864 
  0.00072   0.00004   8.13335 -13.99249 
  0.00072   0.00008   8.60970 -13.99249 
  0.00072   0.00012   9.04718 -13.99249 
  0.00072   0.00016   8.38115 -13.99249 
  0.00072   0.00020   8.83659 -13.99249 
  0.00072   0.00024   8.30789 -13.99249 
  0.00072   0.00028   8.61351 -13.99249 
  0.00072   0.00032   7.94248 -13.99249 
  0.00072   0.00036   8.83672 -13.99249 
  0.00072   0.00040   8.38159 -13.99249 
  0.00072   0.00044   9.04850 -13.99249 
  0.00072   0.00048   6.87821 -13.99249 
  0.00072   0.00052   7.34776 -13.99249 
  0.00072   0.00056   6.65499 -13.99249 
  0.00072   0.00060   7.11012 -13.99249 
  0.00072   0.00064   6.44322 -13.99249 
  0.00072   0.00068   6.87821 -13.99249 
  0.00072   0.00072   8.30789 -13.99249 
  0.00072   0.00076   7.11012 -13.99249 
  0.00072   0.00080   6.65499 -13.99249 
  0.00072   0.00084   7.34774 -13.99249 
  0.00072   0.00088   6.87812 -13.99249 
  0.00072   0.00092   6.44294 -13.99249 
  0.00076   0.00004   7.82538 -17.61817 
  0.00076   0.00008   7.93613 -17.61817 
  0.00076   0.00012   7.76032 -17.61817 
  0.00076   0.00016   7.75129 -17.61817 
  0.00076   0.00020   7.69861 -17.61817 
  0.00076   0.00024   7.59880 -17.61817 
  0.00076   0.00028   7.94258 -17.61817 
  0.00076   0.00032   7.88174 -17.61817 
  0.00076   0.00036   7.72115 -17.61817 
  0.00076   0.00040   7.61669 -17.61817 
  0.00076   0.00044   7.64104 -17.61817 
  0.00076   0.00048   6.15005 -17.61817 
  0.00076   0.00052   6.23841 -17.61817 
  0.00076   0.00056   6.34855 -17.61817 
  0.00076   0.00060   6.53637 -17.61817 
  0.00076   0.00064   6.74552 -17.61817 
  0.00076   0.00068   6.67516 -17.61817 
  0.00076   0.00072   7.59880 -17.61817 
  0.00076   0.00076   6.77876 -17.61817 
  0.00076   0.00080   6.52762 -17.61817 
  0.00076   0.00084   6.46756 -17.61817 
  0.00076   0.00088   6.18388 -17.61817 
  0.00076   0.00092   6.42734 -17.61817 
  0.00080   0.00004   6.81255 -19.03446 
  0.00080   0.00008   7.01543 -19.03446 
  0.00080   0.00012   6.79192 -19.03446 
  0.00080   0.00016   6.85484 -19.03446 
  0.00080   0.00020   6.91423 -19.03446 
  0.00080   0.00024   6.99608 -19.03446 
  0.00080   0.00028   6.99066 -19.03446 
  0.00080   0.00032   6.88066 -19.03446 
  0.00080   0.00036   7.11541 -19.03446 
  0.00080   0.00040   6.96759 -19.03446 
  0.00080   0.00044   6.84404 -19.03446 
  0.00080   0.00048   5.87738 -19.03446 
  0.00080   0.00052   6.11712 -19.03446 
  0.00080   0.00056   5.99631 -19.03446 
  0.00080   0.00060   6.37729 -19.03446 
  0.00080   0.00064   6.37789 -19.03446 
  0.00080   0.00068   6.53906 -19.03446 
  0.00080   0.00072   6.99608 -19.03446 
  0.00080   0.00076   6.39725 -19.03446 
  0.00080   0.00080   6.44760 -19.03446 
  0.00080   0.00084   5.94211 -19.03446 
  0.00080   0.00088   6.00592 -19.03446 
  0.00080   0.00092   6.08768 -19.03446 
  0.00084   0.00004   6.16143 -19.66807 
  0.00084   0.00008   6.03977 -19.66807 
  0.00084   0.00012   6.34227 -19.66807 
  0.00084   0.00016   6.43851 -19.66807 
  0.00084   0.00020   6.30382 -19.66807 
  0.00084   0.00024   6.51455 -19.66807 
  0.00084   0.00028   6.20036 -19.66807 
  0.00084   0.00032   6.41768 -19.66807 
  0.00084   0.00036   6.26703 -19.66807 
  0.00084   0.00040   6.58215 -19.66807 
  0.00084   0.00044   6.28826 -19.66807 
  0.00084   0.00048   5.72912 -19.66807 
  0.00084   0.00052   5.89906 -19.66807 
  0.00084   0.00056   5.75358 -19.66807 
  0.00084   0.00060   5.99803 -19.66807 
  0.00084   0.00064   6.11910 -19.66807 
  0.00084   0.00068   6.38116 -19.66807 
  0.00084   0.00072   6.51455 -19.66807 
  0.00084   0.00076   6.05419 -19.66807 
  0.00084   0.00080   5.94546 -19.66807 
  0.00084   0.00084   6.06092 -19.66807 
  0.00084   0.00088   6.12587 -19.66807 
  0.00084   0.00092   5.77311 -19.66807 
  0.00088   0.00004   5.85867 -18.73632 
  0.00088   0.00008   5.89802 -18.73632 
  0.00088   0.00012   5.96465 -18.73632 
  0.00088   0.00016   6.03112 -18.73632 
  0.00088   0.00020   5.81780 -18.73632 
  0.00088   0.00024   6.16453 -18.73632 
  0.00088   0.00028   6.03239 -18.73632 
  0.00088   0.00032   5.76463 -18.73632 
  0.00088   0.00036   5.86844 -18.73632 
  0.00088   0.00040   5.90934 -18.73632 
  0.00088   0.00044   5.94545 -18.73632 
  0.00088   0.00048   5.28938 -18.73632 
  0.00088   0.00052   5.59480 -18.73632 
  0.00088   0.00056   5.59099 -18.73632 
  0.00088   0.00060   5.94051 -18.73632 
  0.00088   0.00064   5.84350 -18.73632 
  0.00088   0.00068   5.84799 -18.73632 
  0.00088   0.00072   6.16453 -18.73632 
  0.00088   0.00076   5.90540 -18.73632 
  0.00088   0.00080   5.75259 -18.73632 
  0.00088   0.00084   5.70681 -18.73632 
  0.00088   0.00088   5.65847 -18.73632 
  0.00088   0.00092   5.50842 -18.73632 
  0.00092   0.00004   5.54891 -16.30002 
  0.00092   0.00008   5.55482 -16.30002 
  0.00092   0.00012   5.67332 -16.30002 
  0.00092   0.00016   5.60005 -16.30002 
  0.00092   0.00020   5.46606 -16.30002 
  0.00092   0.00024   5.95270 -16.30002 
  0.00092   0.00028   5.67504 -16.30002 
  0.00092   0.00032   5.63262 -16.30002 
  0.00092   0.00036   5.55291 -16.30002 
  0.00092   0.00040   5.84490 -16.30002 
  0.00092   0.00044   5.72305 -16.30002 
  0.00092   0.00048   5.62803 -16.30002 
  0.00092   0.00052   5.56659 -16.30002 
  0.00092   0.00056   5.50468 -16.30002 
  0.00092   0.00060   5.64728 -16.30002 
  0.00092   0.00064   5.67974 -16.30002 
  0.00092   0.00068   5.78429 -16.30002 
  0.00092   0.00072   5.95270 -16.30002 
  0.00092   0.00076   5.52260 -16.30002 
  0.00092   0.00080   5.67880 -16.30002 
  0.00092   0.00084   5.48429 -16.30002 
  0.00092   0.00088   5.65399 -16.30002 
  0.00092   0.00092   5.39265 -16.30002 
  0.00096   0.00004   5.45839 -13.11145 
  0.00096   0.00008   5.45139 -13.11145 
  0.00096   0.00012   5.61082 -13.11145 
  0.00096   0.00016   5.61931 -13.11145 
  0.00096   0.00020   6.08365 -13.11145 
  0.00096   0.00024   5.46619 -13.11145 
  0.00096   0.00028   5.54675 -13.11145 
  0.00096   0.00032   5.70229 -13.11145 
  0.00096   0.00036   5.47615 -13.11145 
  0.00096   0.00040   5.71215 -13.11145 
  0.00096   0.00044   5.74506 -13.11145 
  0.00096   0.00048   5.57039 -13.11145 
  0.00096   0.00052   5.59739 -13.11145 
  0.00096   0.00056   5.54572 -13.11145 
  0.00096   0.00060   5.40228 -13.11145 
  0.00096   0.00064   5.58906 -13.11145 
  0.00096   0.00068   5.44228 -13.11145 
  0.00096   0.00072   5.46619 -13.11145 
  0.00096   0.00076   6.00252 -13.11145 
  0.00096   0.00080   5.55538 -13.11145 
  0.00096   0.00084   5.48946 -13.11145 
  0.00096   0.00088   5.68555 -13.11145 
  0.00096   0.00092   5.31082 -13.11145 
  0.00100   0.00004   5.88921  -7.97817 
  0.00100   0.00008   5.69534  -7.97817 
  0.00100   0.00012   5.93196  -7.97817 
  0.00100   0.00016   5.79345  -7.97817 
  0.00100   0.00020   6.04328  -7.97817 
  0.00100   0.00024   5.55939  -7.97817 
  0.00100   0.00028   5.78193  -7.97817 
  0.00100   0.00032   5.83791  -7.97817 
  0.00100   0.00036   5.80014  -7.97817 
  0.00100   0.00040   5.90256  -7.97817 
  0.00100   0.00044   5.75087  -7.97817 
  0.00100   0.00048   5.42950  -7.97817 
  0.00100   0.00052   5.25675  -7.97817 
  0.00100   0.00056   5.28815  -7.97817 
  0.00100   0.00060   5.64506  -7.97817 
  0.00100   0.00064   5.64483  -7.97817 
  0.00100   0.00068   5.70952  -7.97817 
  0.00100   0.00072   5.55939  -7.97817 
  0.00100   0.00076   5.95010  -7.97817 
  0.00100   0.00080   5.71544  -7.97817 
  0.00100   0.00084   5.52313  -7.97817 
  0.00100   0.00088   5.54454  -7.97817 
  0.00100   0.00092   5.39526  -7.97817 
  0.00104   0.00004   6.16540  -2.36414 
  0.00104   0.00008   6.08157  -2.36414 
  0.00104   0.00012   6.12364  -2.36414 
  0.00104   0.00016   6.15868  -2.36414 
  0.00104   0.00020   6.11844  -2.36414 
  0.00104   0.00024   5.80935  -2.36414 
  0.00104   0.00028   6.14008  -2.36414 
  0.00104   0.00032   6.10206  -2.36414 
  0.00104   0.00036   5.89737  -2.36414 
  0.00104   0.00040   6.12109  -2.36414 
  0.00104   0.00044   5.99916  -2.36414 
  0.00104   0.00048   5.13039  -2.36414 
  0.00104   0.00052   5.34998  -2.36414 
  0.00104   0.00056   5.57324  -2.36414 
  0.00104   0.00060   5.68988  -2.36414 
  0.00104   0.00064   5.92593  -2.36414 
  0.00104   0.00068   5.80512  -2.36414 
  0.00104   0.00072   5.80935  -2.36414 
  0.00104   0.00076   6.05703  -2.36414 
  0.00104   0.00080   5.70741  -2.36414 
  0.00104   0.00084   5.33918  -2.36414 
  0.00104   0.00088   5.53795  -2.36414 
  0.00104   0.00092   5.51652  -2.36414 
  0.00108   0.00004   6.55945   4.21136 
  0.00108   0.00008   6.31858   4.21136 
  0.00108   0.00012   6.42623   4.21136 
  0.00108   0.00016   6.63453   4.21136 
  0.00108   0.00020   6.64386   4.21136 
  0.00108   0.00024   6.21201   4.21136 
  0.00108   0.00028   6.33378   4.21136 
  0.00108   0.00032   6.52636   4.21136 
  0.00108   0.00036   6.50813   4.21136 
  0.00108   0.00040   6.62511   4.21136 
  0.00108   0.00044   6.37430   4.21136 
  0.00108   0.00048   5.60064   4.21136 
  0.00108   0.00052   5.59776   4.21136 
  0.00108   0.00056   5.50501   4.21136 
  0.00108   0.00060   5.91473   4.21136 
  0.00108   0.00064   5.99045   4.21136 
  0.00108   0.00068   6.34558   4.21136 
  0.00108   0.00072   6.21201   4.21136 
  0.00108   0.00076   6.29224   4.21136 
  0.00108   0.00080   5.92676   4.21136 
  0.00108   0.00084   5.85492   4.21136 
  0.00108   0.00088   5.94466   4.21136 
  0.00108   0.00092   5.78339   4.21136 
  0.00112   0.00004   7.13361  11.31925 
  0.00112   0.00008   7.22360  11.31925 
  0.00112   0.00012   7.37725  11.31925 
  0.00112   0.00016   7.06710  11.31925 
  0.00112   0.00020   7.27585  11.31925 
  0.00112   0.00024   6.75911  11.31925 
  0.00112   0.00028   7.15700  11.31925 
  0.00112   0.00032   7.18820  11.31925 
  0.00112   0.00036   7.05837  11.31925 
  0.00112   0.00040   7.31230  11.31925 
  0.00112   0.00044   7.16050  11.31925 
  0.00112   0.00048   5.69936  11.31925 
  0.00112   0.00052   5.93410  11.31925 
  0.00112   0.00056   5.90086  11.31925 
  0.00112   0.00060   5.85494  11.31925 
  0.00112   0.00064   6.35162  11.31925 
  0.00112   0.00068   6.50279  11.31925 
  0.00112   0.00072   6.75911  11.31925 
  0.00112   0.00076   6.58687  11.31925 
  0.00112   0.00080   6.38032  11.31925 
  0.00112   0.00084   6.25032  11.31925 
  0.00112   0.00088   5.93490  11.31925 
  0.00112   0.00092   5.90784  11.31925 
  0.00116   0.00004   8.05407  18.69333 
  0.00116   0.00008   7.85562  18.69333 
  0.00116   0.00012   8.10017  18.69333 
  0.00116   0.00016   8.10210  18.69333 
  0.00116   0.00020   8.08634  18.69333 
  0.00116   0.00024   7.43665  18.69333 
  0.00116   0.00028   7.76543  18.69333 
  0.00116   0.00032   7.95098  18.69333 
  0.00116   0.00036   7.94674  18.69333 
  0.00116   0.00040   8.01635  18.69333 
  0.00116   0.00044   8.21301  18.69333 
  0.00116   0.00048   6.43784  18.69333 
  0.00116   0.00052   6.19968  18.69333 
  0.00116   0.00056   6.36661  18.69333 
  0.00116   0.00060   6.40137  18.69333 
  0.00116   0.00064   6.36729  18.69333 
  0.00116   0.00068   7.01868  18.69333 
  0.00116   0.00072   7.43665  18.69333 
  0.00116   0.00076   6.81618  18.69333 
  0.00116   0.00080   6.45752  18.69333 
  0.00116   0.00084   6.29330  18.69333 
  0.00116   0.00088   6.45031  18.69333 
  0.00116   0.00092   6.04120  18.69333 
  0.00120   0.00004   9.25306  26.14415 
  0.00120   0.00008   9.04177  26.14415 
  0.00120   0.00012   9.03158  26.14415 
  0.00120   0.00016   9.15468  26.14415 
  0.00120   0.00020   8.91715  26.14415 
  0.00120   0.00024   8.22336  26.14415 
  0.00120   0.00028   9.04201  26.14415 
  0.00120   0.00032   9.25382  26.14415 
  0.00120   0.00036   8.91717  26.14415 
  0.00120   0.00040   9.15473  26.14415 
  0.00120   0.00044   8.59812  26.14415 
  0.00120   0.00048   6.69606  26.14415 
  0.00120   0.00052   6.48425  26.14415 
  0.00120   0.00056   6.82090  26.14415 
  0.00120   0.00060   6.58334  26.14415 
  0.00120   0.00064   6.95601  26.14415 
  0.00120   0.00068   6.69605  26.14415 
  0.00120   0.00072   8.22336  26.14415 
  0.00120   0.00076   6.58334  26.14415 
  0.00120   0.00080   6.82089  26.14415 
  0.00120   0.00084   6.48420  26.14415 
  0.00120   0.00088   6.69586  26.14415 
  0.00120   0.00092   6.95534  26.14415 
  0.00124   0.00004  10.41596  33.37744 
  0.00124   0.00008  10.40693  33.37744 
  0.00124   0.00012  10.52487  33.37744 
  0.00124   0.00016  10.52219  33.37744 
  0.00124   0.00020  10.74203  33.37744 
  0.00124   0.00024  11.17033  33.37744 
  0.00124   0.00028  10.60493  33.37744 
  0.00124   0.00032  10.44170  33.37744 
  0.00124   0.00036  10.35382  33.37744 
  0.00124   0.00040  10.43691  33.37744 
  0.00124   0.00044  10.31990  33.37744 
  0.00124   0.00048   7.18325  33.37744 
  0.00124   0.00052   7.12714  33.37744 
  0.00124   0.00056   7.07769  33.37744 
  0.00124   0.00060   6.99160  33.37744 
  0.00124   0.00064   6.90505  33.37744 
  0.00124   0.00068   6.50919  33.37744 
  0.00124   0.00072   5.65341  33.37744 
  0.00124   0.00076   6.40185  33.37744 
  0.00124   0.00080   6.79433  33.37744 
  0.00124   0.00084   7.07171  33.37744 
  0.00124   0.00088   7.10207  33.37744 
  0.00124   0.00092   7.22394  33.37744 
  0.00128   0.00004  11.76568  40.17567 
  0.00128   0.00008  11.67411  40.17567 
  0.00128   0.00012  11.68371  40.17567 
  0.00128   0.00016  12.11513  40.17567 
  0.00128   0.00020  12.25497  40.17567 
  0.00128   0.00024  12.51666  40.17567 
  0.00128   0.00028  12.29433  40.17567 
  0.00128   0.00032  12.01980  40.17567 
  0.00128   0.00036  11.93018  40.17567 
  0.00128   0.00040  11.83902  40.17567 
  0.00128   0.00044  11.72812  40.17567 
  0.00128   0.00048   7.94678  40.17567 
  0.00128   0.00052   7.89956  40.17567 
  0.00128   0.00056   7.82693  40.17567 
  0.00128   0.00060   7.57301  40.17567 
  0.00128   0.00064   7.44756  40.17567 
  0.00128   0.00068   7.15378  40.17567 
  0.00128   0.00072   6.88487  40.17567 
  0.00128   0.00076   7.08452  40.17567 
  0.00128   0.00080   7.42476  40.17567 
  0.00128   0.00084   7.77453  40.17567 
  0.00128   0.00088   7.96223  40.17567 
  0.00128   0.00092   7.93859  40.17567 
  0.00132   0.00004  13.09682  46.09519 
  0.00132   0.00008  13.35509  46.09519 
  0.00132   0.00012  13.43470  46.09519 
  0.00132   0.00016  13.55767  46.09519 
  0.00132   0.00020  13.68499  46.09519 
  0.00132   0.00024  13.67092  46.09519 
  0.00132   0.00028  13.65130  46.09519 
  0.00132   0.00032  13.57257  46.09519 
  0.00132   0.00036  13.35983  46.09519 
  0.00132   0.00040  13.27306  46.09519 
  0.00132   0.00044  13.03629  46.09519 
  0.00132   0.00048   9.13148  46.09519 
  0.00132   0.00052   8.92540  46.09519 
  0.00132   0.00056   9.09724  46.09519 
  0.00132   0.00060   8.63229  46.09519 
  0.00132   0.00064   8.55727  46.09519 
  0.00132   0.00068   8.42317  46.09519 
  0.00132   0.00072   8.40885  46.09519 
  0.00132   0.00076   8.46046  46.09519 
  0.00132   0.00080   8.58692  46.09519 
  0.00132   0.00084   8.77182  46.09519 
  0.00132   0.00088   8.67762  46.09519 
  0.00132   0.00092   8.99487  46.09519 
  0.00136   0.00004  14.38357  51.57537 
  0.00136   0.00008  14.32690  51.57537 
  0.00136   0.00012  14.56066  51.57537 
  0.00136   0.00016  14.83859  51.57537 
  0.00136   0.00020  14.72904  51.57537 
  0.00136   0.00024  13.83443  51.57537 
  0.00136   0.00028  14.68169  51.57537 
  0.00136   0.00032  14.77932  51.57537 
  0.00136   0.00036  14.44398  51.57537 
  0.00136   0.00040  14.58932  51.57537 
  0.00136   0.00044  14.24105  51.57537 
  0.00136   0.00048  10.48459  51.57537 
  0.00136   0.00052  10.09422  51.57537 
  0.00136   0.00056  10.04151  51.57537 
  0.00136   0.00060   9.79101  51.57537 
  0.00136   0.00064   9.97616  51.57537 
  0.00136   0.00068  10.02576  51.57537 
  0.00136   0.00072  10.87761  51.57537 
  0.00136   0.00076   9.79424  51.57537 
  0.00136   0.00080   9.93010  51.57537 
  0.00136   0.00084   9.90846  51.57537 
  0.00136   0.00088  10.20610  51.57537 
  0.00136   0.00092  10.25702  51.57537 
  0.00140   0.00004  15.32652  55.20105 
  0.00140   0.00008  15.65186  55.20105 
  0.00140   0.00012  15.85827  55.20105 
  0.00140   0.00016  15.94287  55.20105 
  0.00140   0.00020  15.96521  55.20105 
  0.00140   0.00024  16.23257  55.20105 
  0.00140   0.00028  16.09377  55.20105 
  0.00140   0.00032  15.84883  55.20105 
  0.00140   0.00036  15.74302  55.20105 
  0.00140   0.00040  15.72870  55.20105 
  0.00140   0.00044  15.41143  55.20105 
  0.00140   0.00048  11.79354  55.20105 
  0.00140   0.00052  11.53897  55.20105 
  0.00140   0.00056  11.54718  55.20105 
  0.00140   0.00060  11.30264  55.20105 
  0.00140   0.00064  11.41064  55.20105 
  0.00140   0.00068  11.10949  55.20105 
  0.00140   0.00072  10.98829  55.20105 
  0.00140   0.00076  11.11427  55.20105 
  0.00140   0.00080  11.49962  55.20105 
  0.00140   0.00084  11.44835  55.20105 
  0.00140   0.00088  11.30987  55.20105 
  0.00140   0.00092  11.49443  55.20105 
