ZONE T="Visual 13e.dat"
I= 23,J= 35,K=1,F=POINT
  0.00004   0.00004  11.73099  46.19222 
  0.00004   0.00008  11.55904  46.19222 
  0.00004   0.00012  11.67472  46.19222 
  0.00004   0.00016  11.42364  46.19222 
  0.00004   0.00020  11.16761  46.19222 
  0.00004   0.00024  11.27088  46.19222 
  0.00004   0.00028  11.64473  46.19222 
  0.00004   0.00032  11.42353  46.19222 
  0.00004   0.00036  11.74767  46.19222 
  0.00004   0.00040  11.65615  46.19222 
  0.00004   0.00044  11.74154  46.19222 
  0.00004   0.00048  10.67376  46.19222 
  0.00004   0.00052  10.67901  46.19222 
  0.00004   0.00056  10.59379  46.19222 
  0.00004   0.00060  10.93131  46.19222 
  0.00004   0.00064  10.93105  46.19222 
  0.00004   0.00068  10.68563  46.19222 
  0.00004   0.00072  11.27088  46.19222 
  0.00004   0.00076  10.71550  46.19222 
  0.00004   0.00080  10.91733  46.19222 
  0.00004   0.00084  10.77434  46.19222 
  0.00004   0.00088  10.82921  46.19222 
  0.00004   0.00092  10.66850  46.19222 
  0.00008   0.00004  12.18104  51.33926 
  0.00008   0.00008  12.33268  51.33926 
  0.00008   0.00012  12.56340  51.33926 
  0.00008   0.00016  12.04693  51.33926 
  0.00008   0.00020  11.81562  51.33926 
  0.00008   0.00024  11.89066  51.33926 
  0.00008   0.00028  12.23574  51.33926 
  0.00008   0.00032  11.99391  51.33926 
  0.00008   0.00036  12.18524  51.33926 
  0.00008   0.00040  12.33006  51.33926 
  0.00008   0.00044  12.62119  51.33926 
  0.00008   0.00048  10.94139  51.33926 
  0.00008   0.00052  11.47304  51.33926 
  0.00008   0.00056  11.28961  51.33926 
  0.00008   0.00060  11.48082  51.33926 
  0.00008   0.00064  11.40642  51.33926 
  0.00008   0.00068  11.25402  51.33926 
  0.00008   0.00072  11.89066  51.33926 
  0.00008   0.00076  11.37824  51.33926 
  0.00008   0.00080  11.32890  51.33926 
  0.00008   0.00084  11.28371  51.33926 
  0.00008   0.00088  11.28147  51.33926 
  0.00008   0.00092  11.03297  51.33926 
  0.00012   0.00004  13.07888  55.19204 
  0.00012   0.00008  12.87067  55.19204 
  0.00012   0.00012  12.89211  55.19204 
  0.00012   0.00016  12.59227  55.19204 
  0.00012   0.00020  12.49095  55.19204 
  0.00012   0.00024  12.45047  55.19204 
  0.00012   0.00028  12.50845  55.19204 
  0.00012   0.00032  12.52183  55.19204 
  0.00012   0.00036  12.97888  55.19204 
  0.00012   0.00040  13.18358  55.19204 
  0.00012   0.00044  12.97977  55.19204 
  0.00012   0.00048  11.92438  55.19204 
  0.00012   0.00052  11.75085  55.19204 
  0.00012   0.00056  11.54150  55.19204 
  0.00012   0.00060  11.76705  55.19204 
  0.00012   0.00064  11.87235  55.19204 
  0.00012   0.00068  12.04020  55.19204 
  0.00012   0.00072  12.45047  55.19204 
  0.00012   0.00076  12.07347  55.19204 
  0.00012   0.00080  12.18792  55.19204 
  0.00012   0.00084  11.73529  55.19204 
  0.00012   0.00088  11.90237  55.19204 
  0.00012   0.00092  11.85019  55.19204 
  0.00016   0.00004  13.74204  58.39769 
  0.00016   0.00008  13.70659  58.39769 
  0.00016   0.00012  13.63823  58.39769 
  0.00016   0.00016  13.37731  58.39769 
  0.00016   0.00020  13.12325  58.39769 
  0.00016   0.00024  12.92968  58.39769 
  0.00016   0.00028  13.14104  58.39769 
  0.00016   0.00032  13.08994  58.39769 
  0.00016   0.00036  13.17414  58.39769 
  0.00016   0.00040  13.50026  58.39769 
  0.00016   0.00044  13.32847  58.39769 
  0.00016   0.00048  12.11296  58.39769 
  0.00016   0.00052  12.16672  58.39769 
  0.00016   0.00056  12.22045  58.39769 
  0.00016   0.00060  12.35473  58.39769 
  0.00016   0.00064  12.19089  58.39769 
  0.00016   0.00068  12.80302  58.39769 
  0.00016   0.00072  12.92968  58.39769 
  0.00016   0.00076  12.69078  58.39769 
  0.00016   0.00080  12.39542  58.39769 
  0.00016   0.00084  12.50201  58.39769 
  0.00016   0.00088  12.13980  58.39769 
  0.00016   0.00092  12.58104  58.39769 
  0.00020   0.00004  13.86250  59.34816 
  0.00020   0.00008  13.94305  59.34816 
  0.00020   0.00012  13.82873  59.34816 
  0.00020   0.00016  13.81960  59.34816 
  0.00020   0.00020  13.30100  59.34816 
  0.00020   0.00024  13.31057  59.34816 
  0.00020   0.00028  13.30997  59.34816 
  0.00020   0.00032  13.86249  59.34816 
  0.00020   0.00036  13.89370  59.34816 
  0.00020   0.00040  13.88371  59.34816 
  0.00020   0.00044  13.84957  59.34816 
  0.00020   0.00048  12.69099  59.34816 
  0.00020   0.00052  12.99678  59.34816 
  0.00020   0.00056  12.88860  59.34816 
  0.00020   0.00060  12.88992  59.34816 
  0.00020   0.00064  12.91792  59.34816 
  0.00020   0.00068  13.06914  59.34816 
  0.00020   0.00072  13.31057  59.34816 
  0.00020   0.00076  13.01207  59.34816 
  0.00020   0.00080  12.74512  59.34816 
  0.00020   0.00084  13.05404  59.34816 
  0.00020   0.00088  12.87291  59.34816 
  0.00020   0.00092  13.01233  59.34816 
  0.00024   0.00004  14.84570  59.51589 
  0.00024   0.00008  13.49072  59.51589 
  0.00024   0.00012  14.40439  59.51589 
  0.00024   0.00016  13.27919  59.51589 
  0.00024   0.00020  13.95003  59.51589 
  0.00024   0.00024  13.57904  59.51589 
  0.00024   0.00028  13.49369  59.51589 
  0.00024   0.00032  14.85420  59.51589 
  0.00024   0.00036  13.95010  59.51589 
  0.00024   0.00040  13.26389  59.51589 
  0.00024   0.00044  14.40530  59.51589 
  0.00024   0.00048  14.15010  59.51589 
  0.00024   0.00052  12.78960  59.51589 
  0.00024   0.00056  13.69370  59.51589 
  0.00024   0.00060  14.60258  59.51589 
  0.00024   0.00064  13.23850  59.51589 
  0.00024   0.00068  14.15010  59.51589 
  0.00024   0.00072  13.57904  59.51589 
  0.00024   0.00076  12.34854  59.51589 
  0.00024   0.00080  13.69370  59.51589 
  0.00024   0.00084  12.78957  59.51589 
  0.00024   0.00088  14.15001  59.51589 
  0.00024   0.00092  13.23818  59.51589 
  0.00028   0.00004  14.11450  58.11814 
  0.00028   0.00008  14.04594  58.11814 
  0.00028   0.00012  14.25336  58.11814 
  0.00028   0.00016  14.31351  58.11814 
  0.00028   0.00020  14.50136  58.11814 
  0.00028   0.00024  15.97904  58.11814 
  0.00028   0.00028  14.62264  58.11814 
  0.00028   0.00032  14.40553  58.11814 
  0.00028   0.00036  14.40921  58.11814 
  0.00028   0.00040  14.31624  58.11814 
  0.00028   0.00044  14.22781  58.11814 
  0.00028   0.00048  13.73491  58.11814 
  0.00028   0.00052  14.05992  58.11814 
  0.00028   0.00056  13.85433  58.11814 
  0.00028   0.00060  13.99374  58.11814 
  0.00028   0.00064  14.25979  58.11814 
  0.00028   0.00068  14.20248  58.11814 
  0.00028   0.00072  13.22594  58.11814 
  0.00028   0.00076  14.20353  58.11814 
  0.00028   0.00080  14.07693  58.11814 
  0.00028   0.00084  13.97761  58.11814 
  0.00028   0.00088  14.19460  58.11814 
  0.00028   0.00092  13.96703  58.11814 
  0.00032   0.00004  13.88295  55.24613 
  0.00032   0.00008  13.84738  55.24613 
  0.00032   0.00012  13.69542  55.24613 
  0.00032   0.00016  14.25828  55.24613 
  0.00032   0.00020  14.52430  55.24613 
  0.00032   0.00024  13.94743  55.24613 
  0.00032   0.00028  14.39925  55.24613 
  0.00032   0.00032  14.21915  55.24613 
  0.00032   0.00036  14.19761  55.24613 
  0.00032   0.00040  14.00680  55.24613 
  0.00032   0.00044  14.22327  55.24613 
  0.00032   0.00048  14.32106  55.24613 
  0.00032   0.00052  14.53379  55.24613 
  0.00032   0.00056  14.42756  55.24613 
  0.00032   0.00060  14.41922  55.24613 
  0.00032   0.00064  14.49362  55.24613 
  0.00032   0.00068  14.72408  55.24613 
  0.00032   0.00072  15.31460  55.24613 
  0.00032   0.00076  14.91127  55.24613 
  0.00032   0.00080  14.71582  55.24613 
  0.00032   0.00084  14.73045  55.24613 
  0.00032   0.00088  14.68008  55.24613 
  0.00032   0.00092  14.23169  55.24613 
  0.00036   0.00004  13.57700  51.63698 
  0.00036   0.00008  14.24029  51.63698 
  0.00036   0.00012  13.85937  51.63698 
  0.00036   0.00016  13.78578  51.63698 
  0.00036   0.00020  13.59154  51.63698 
  0.00036   0.00024  15.42297  51.63698 
  0.00036   0.00028  14.05342  51.63698 
  0.00036   0.00032  13.86633  51.63698 
  0.00036   0.00036  13.61385  51.63698 
  0.00036   0.00040  14.13677  51.63698 
  0.00036   0.00044  13.61495  51.63698 
  0.00036   0.00048  14.42495  51.63698 
  0.00036   0.00052  14.74918  51.63698 
  0.00036   0.00056  15.30317  51.63698 
  0.00036   0.00060  14.86648  51.63698 
  0.00036   0.00064  15.13971  51.63698 
  0.00036   0.00068  14.87817  51.63698 
  0.00036   0.00072  13.77357  51.63698 
  0.00036   0.00076  14.95020  51.63698 
  0.00036   0.00080  15.11062  51.63698 
  0.00036   0.00084  15.12478  51.63698 
  0.00036   0.00088  14.21640  51.63698 
  0.00036   0.00092  14.76824  51.63698 
  0.00040   0.00004  13.39093  46.16973 
  0.00040   0.00008  12.87429  46.16973 
  0.00040   0.00012  12.73533  46.16973 
  0.00040   0.00016  12.88396  46.16973 
  0.00040   0.00020  13.20790  46.16973 
  0.00040   0.00024  13.44914  46.16973 
  0.00040   0.00028  13.26646  46.16973 
  0.00040   0.00032  13.12667  46.16973 
  0.00040   0.00036  13.10146  46.16973 
  0.00040   0.00040  13.09293  46.16973 
  0.00040   0.00044  13.22904  46.16973 
  0.00040   0.00048  14.98191  46.16973 
  0.00040   0.00052  14.51153  46.16973 
  0.00040   0.00056  15.08218  46.16973 
  0.00040   0.00060  14.99133  46.16973 
  0.00040   0.00064  14.96220  46.16973 
  0.00040   0.00068  15.11640  46.16973 
  0.00040   0.00072  14.96819  46.16973 
  0.00040   0.00076  15.18793  46.16973 
  0.00040   0.00080  15.09817  46.16973 
  0.00040   0.00084  15.20484  46.16973 
  0.00040   0.00088  15.15061  46.16973 
  0.00040   0.00092  14.74009  46.16973 
  0.00044   0.00004  12.12237  40.26149 
  0.00044   0.00008  12.34267  40.26149 
  0.00044   0.00012  12.16924  40.26149 
  0.00044   0.00016  12.44764  40.26149 
  0.00044   0.00020  12.00606  40.26149 
  0.00044   0.00024  11.36519  40.26149 
  0.00044   0.00028  11.95124  40.26149 
  0.00044   0.00032  12.38290  40.26149 
  0.00044   0.00036  12.47800  40.26149 
  0.00044   0.00040  12.19996  40.26149 
  0.00044   0.00044  12.42827  40.26149 
  0.00044   0.00048  14.89910  40.26149 
  0.00044   0.00052  15.03119  40.26149 
  0.00044   0.00056  14.75836  40.26149 
  0.00044   0.00060  15.04027  40.26149 
  0.00044   0.00064  15.20742  40.26149 
  0.00044   0.00068  15.57451  40.26149 
  0.00044   0.00072  16.18016  40.26149 
  0.00044   0.00076  15.29586  40.26149 
  0.00044   0.00080  15.32534  40.26149 
  0.00044   0.00084  15.04269  40.26149 
  0.00044   0.00088  14.92031  40.26149 
  0.00044   0.00092  14.80033  40.26149 
  0.00048   0.00004  14.70242  33.47130 
  0.00048   0.00008  14.76294  33.47130 
  0.00048   0.00012  14.76104  33.47130 
  0.00048   0.00016  14.84250  33.47130 
  0.00048   0.00020  14.59474  33.47130 
  0.00048   0.00024  14.18043  33.47130 
  0.00048   0.00028  14.64405  33.47130 
  0.00048   0.00032  14.93919  33.47130 
  0.00048   0.00036  14.89283  33.47130 
  0.00048   0.00040  14.88746  33.47130 
  0.00048   0.00044  14.61004  33.47130 
  0.00048   0.00048  11.61627  33.47130 
  0.00048   0.00052  11.43161  33.47130 
  0.00048   0.00056  11.56030  33.47130 
  0.00048   0.00060  11.54706  33.47130 
  0.00048   0.00064  11.34181  33.47130 
  0.00048   0.00068  11.75467  33.47130 
  0.00048   0.00072  12.22912  33.47130 
  0.00048   0.00076  11.70699  33.47130 
  0.00048   0.00080  11.57335  33.47130 
  0.00048   0.00084  11.65500  33.47130 
  0.00048   0.00088  11.45448  33.47130 
  0.00048   0.00092  11.58662  33.47130 
  0.00052   0.00004  14.08312  26.24227 
  0.00052   0.00008  14.31049  26.24227 
  0.00052   0.00012  14.29713  26.24227 
  0.00052   0.00016  14.34335  26.24227 
  0.00052   0.00020  14.67981  26.24227 
  0.00052   0.00024  14.79067  26.24227 
  0.00052   0.00028  14.69106  26.24227 
  0.00052   0.00032  14.41698  26.24227 
  0.00052   0.00036  14.42260  26.24227 
  0.00052   0.00040  14.16742  26.24227 
  0.00052   0.00044  14.13080  26.24227 
  0.00052   0.00048  10.91953  26.24227 
  0.00052   0.00052  10.70597  26.24227 
  0.00052   0.00056  10.50333  26.24227 
  0.00052   0.00060  10.54511  26.24227 
  0.00052   0.00064  10.50857  26.24227 
  0.00052   0.00068  10.34806  26.24227 
  0.00052   0.00072  10.26061  26.24227 
  0.00052   0.00076  10.43871  26.24227 
  0.00052   0.00080  10.43339  26.24227 
  0.00052   0.00084  10.44419  26.24227 
  0.00052   0.00088  10.55197  26.24227 
  0.00052   0.00092  10.71122  26.24227 
  0.00056   0.00004  13.37628  18.79381 
  0.00056   0.00008  13.49157  18.79381 
  0.00056   0.00012  13.75500  18.79381 
  0.00056   0.00016  13.81698  18.79381 
  0.00056   0.00020  13.94318  18.79381 
  0.00056   0.00024  13.52973  18.79381 
  0.00056   0.00028  13.80091  18.79381 
  0.00056   0.00032  13.78483  18.79381 
  0.00056   0.00036  13.84860  18.79381 
  0.00056   0.00040  13.64067  18.79381 
  0.00056   0.00044  13.53174  18.79381 
  0.00056   0.00048  10.09186  18.79381 
  0.00056   0.00052   9.91670  18.79381 
  0.00056   0.00056   9.68838  18.79381 
  0.00056   0.00060   9.81325  18.79381 
  0.00056   0.00064   9.62452  18.79381 
  0.00056   0.00068   9.70444  18.79381 
  0.00056   0.00072  10.26162  18.79381 
  0.00056   0.00076   9.67172  18.79381 
  0.00056   0.00080   9.56833  18.79381 
  0.00056   0.00084   9.72854  18.79381 
  0.00056   0.00088   9.85770  18.79381 
  0.00056   0.00092   9.80512  18.79381 
  0.00060   0.00004  12.63075  11.41620 
  0.00060   0.00008  12.85239  11.41620 
  0.00060   0.00012  12.83802  11.41620 
  0.00060   0.00016  13.01168  11.41620 
  0.00060   0.00020  13.14419  11.41620 
  0.00060   0.00024  13.21781  11.41620 
  0.00060   0.00028  13.16771  11.41620 
  0.00060   0.00032  13.04041  11.41620 
  0.00060   0.00036  12.96521  11.41620 
  0.00060   0.00040  12.68834  11.41620 
  0.00060   0.00044  12.73056  11.41620 
  0.00060   0.00048   9.18212  11.41620 
  0.00060   0.00052   9.08787  11.41620 
  0.00060   0.00056   8.94049  11.41620 
  0.00060   0.00060   8.87152  11.41620 
  0.00060   0.00064   8.75322  11.41620 
  0.00060   0.00068   8.68664  11.41620 
  0.00060   0.00072   8.64725  11.41620 
  0.00060   0.00076   8.66890  11.41620 
  0.00060   0.00080   8.73143  11.41620 
  0.00060   0.00084   8.82786  11.41620 
  0.00060   0.00088   8.89884  11.41620 
  0.00060   0.00092   9.02302  11.41620 
  0.00064   0.00004  11.79869   4.30292 
  0.00064   0.00008  11.75509   4.30292 
  0.00064   0.00012  11.90482   4.30292 
  0.00064   0.00016  12.13010   4.30292 
  0.00064   0.00020  12.31853   4.30292 
  0.00064   0.00024  12.33537   4.30292 
  0.00064   0.00028  12.30354   4.30292 
  0.00064   0.00032  12.09912   4.30292 
  0.00064   0.00036  12.07702   4.30292 
  0.00064   0.00040  11.86342   4.30292 
  0.00064   0.00044  11.81506   4.30292 
  0.00064   0.00048   8.38636   4.30292 
  0.00064   0.00052   8.35131   4.30292 
  0.00064   0.00056   8.27294   4.30292 
  0.00064   0.00060   8.22647   4.30292 
  0.00064   0.00064   8.08965   4.30292 
  0.00064   0.00068   7.85329   4.30292 
  0.00064   0.00072   7.81658   4.30292 
  0.00064   0.00076   7.89346   4.30292 
  0.00064   0.00080   8.02813   4.30292 
  0.00064   0.00084   8.37319   4.30292 
  0.00064   0.00088   8.40328   4.30292 
  0.00064   0.00092   8.36072   4.30292 
  0.00068   0.00004  10.79790  -2.28168 
  0.00068   0.00008  10.84242  -2.28168 
  0.00068   0.00012  10.86804  -2.28168 
  0.00068   0.00016  11.02251  -2.28168 
  0.00068   0.00020  11.22286  -2.28168 
  0.00068   0.00024  11.72420  -2.28168 
  0.00068   0.00028  11.15039  -2.28168 
  0.00068   0.00032  10.93835  -2.28168 
  0.00068   0.00036  10.93840  -2.28168 
  0.00068   0.00040  10.93138  -2.28168 
  0.00068   0.00044  10.88137  -2.28168 
  0.00068   0.00048   7.85212  -2.28168 
  0.00068   0.00052   7.87486  -2.28168 
  0.00068   0.00056   7.77545  -2.28168 
  0.00068   0.00060   7.78496  -2.28168 
  0.00068   0.00064   7.66767  -2.28168 
  0.00068   0.00068   7.38796  -2.28168 
  0.00068   0.00072   6.72014  -2.28168 
  0.00068   0.00076   7.28293  -2.28168 
  0.00068   0.00080   7.59444  -2.28168 
  0.00068   0.00084   7.66284  -2.28168 
  0.00068   0.00088   7.82503  -2.28168 
  0.00068   0.00092   7.80613  -2.28168 
  0.00072   0.00004   9.38852  -7.90790 
  0.00072   0.00008   9.77611  -7.90790 
  0.00072   0.00012  10.11442  -7.90790 
  0.00072   0.00016   9.59258  -7.90790 
  0.00072   0.00020   9.95408  -7.90790 
  0.00072   0.00024   8.98371  -7.90790 
  0.00072   0.00028   9.77933  -7.90790 
  0.00072   0.00032   9.16896  -7.90790 
  0.00072   0.00036   9.95420  -7.90790 
  0.00072   0.00040   9.59296  -7.90790 
  0.00072   0.00044  10.11553  -7.90790 
  0.00072   0.00048   7.57339  -7.90790 
  0.00072   0.00052   7.95525  -7.90790 
  0.00072   0.00056   7.39853  -7.90790 
  0.00072   0.00060   7.75976  -7.90790 
  0.00072   0.00064   7.23719  -7.90790 
  0.00072   0.00068   7.57339  -7.90790 
  0.00072   0.00072   8.98371  -7.90790 
  0.00072   0.00076   7.75976  -7.90790 
  0.00072   0.00080   7.39852  -7.90790 
  0.00072   0.00084   7.95522  -7.90790 
  0.00072   0.00088   7.57329  -7.90790 
  0.00072   0.00092   7.23686  -7.90790 
  0.00076   0.00004   9.18742 -13.05494 
  0.00076   0.00008   9.11368 -13.05494 
  0.00076   0.00012   9.06426 -13.05494 
  0.00076   0.00016   8.93881 -13.05494 
  0.00076   0.00020   8.82824 -13.05494 
  0.00076   0.00024   8.47079 -13.05494 
  0.00076   0.00028   8.92590 -13.05494 
  0.00076   0.00032   9.08033 -13.05494 
  0.00076   0.00036   8.92114 -13.05494 
  0.00076   0.00040   8.82699 -13.05494 
  0.00076   0.00044   9.04296 -13.05494 
  0.00076   0.00048   7.12773 -13.05494 
  0.00076   0.00052   7.01037 -13.05494 
  0.00076   0.00056   7.22843 -13.05494 
  0.00076   0.00060   7.42466 -13.05494 
  0.00076   0.00064   7.50833 -13.05494 
  0.00076   0.00068   7.57883 -13.05494 
  0.00076   0.00072   8.47079 -13.05494 
  0.00076   0.00076   7.57887 -13.05494 
  0.00076   0.00080   7.32604 -13.05494 
  0.00076   0.00084   7.25428 -13.05494 
  0.00076   0.00088   7.11587 -13.05494 
  0.00076   0.00092   7.15875 -13.05494 
  0.00080   0.00004   8.25413 -16.26059 
  0.00080   0.00008   8.29878 -16.26059 
  0.00080   0.00012   8.02731 -16.26059 
  0.00080   0.00016   8.10097 -16.26059 
  0.00080   0.00020   8.02576 -16.26059 
  0.00080   0.00024   8.01629 -16.26059 
  0.00080   0.00028   8.17300 -16.26059 
  0.00080   0.00032   8.03633 -16.26059 
  0.00080   0.00036   8.50679 -16.26059 
  0.00080   0.00040   8.34544 -16.26059 
  0.00080   0.00044   8.17360 -16.26059 
  0.00080   0.00048   6.73905 -16.26059 
  0.00080   0.00052   6.98627 -16.26059 
  0.00080   0.00056   6.90976 -16.26059 
  0.00080   0.00060   7.30344 -16.26059 
  0.00080   0.00064   7.27716 -16.26059 
  0.00080   0.00068   7.44094 -16.26059 
  0.00080   0.00072   8.01629 -16.26059 
  0.00080   0.00076   7.35419 -16.26059 
  0.00080   0.00080   7.46129 -16.26059 
  0.00080   0.00084   6.94416 -16.26059 
  0.00080   0.00088   6.99906 -16.26059 
  0.00080   0.00092   7.06857 -16.26059 
  0.00084   0.00004   7.49534 -18.71452 
  0.00084   0.00008   7.36446 -18.71452 
  0.00084   0.00012   7.58965 -18.71452 
  0.00084   0.00016   7.74921 -18.71452 
  0.00084   0.00020   7.44610 -18.71452 
  0.00084   0.00024   7.63515 -18.71452 
  0.00084   0.00028   7.42661 -18.71452 
  0.00084   0.00032   7.60453 -18.71452 
  0.00084   0.00036   7.57766 -18.71452 
  0.00084   0.00040   7.95905 -18.71452 
  0.00084   0.00044   7.75631 -18.71452 
  0.00084   0.00048   6.78014 -18.71452 
  0.00084   0.00052   6.97754 -18.71452 
  0.00084   0.00056   6.79156 -18.71452 
  0.00084   0.00060   7.03034 -18.71452 
  0.00084   0.00064   7.15852 -18.71452 
  0.00084   0.00068   7.39804 -18.71452 
  0.00084   0.00072   7.63515 -18.71452 
  0.00084   0.00076   7.10088 -18.71452 
  0.00084   0.00080   7.00981 -18.71452 
  0.00084   0.00084   7.08399 -18.71452 
  0.00084   0.00088   7.18003 -18.71452 
  0.00084   0.00092   6.71735 -18.71452 
  0.00088   0.00004   7.16440 -19.66499 
  0.00088   0.00008   7.24469 -19.66499 
  0.00088   0.00012   7.35868 -19.66499 
  0.00088   0.00016   7.31041 -19.66499 
  0.00088   0.00020   6.96451 -19.66499 
  0.00088   0.00024   7.33951 -19.66499 
  0.00088   0.00028   7.34163 -19.66499 
  0.00088   0.00032   7.06269 -19.66499 
  0.00088   0.00036   7.13253 -19.66499 
  0.00088   0.00040   7.20945 -19.66499 
  0.00088   0.00044   7.36053 -19.66499 
  0.00088   0.00048   6.34838 -19.66499 
  0.00088   0.00052   6.73519 -19.66499 
  0.00088   0.00056   6.72383 -19.66499 
  0.00088   0.00060   7.06083 -19.66499 
  0.00088   0.00064   6.93713 -19.66499 
  0.00088   0.00068   6.86277 -19.66499 
  0.00088   0.00072   7.33951 -19.66499 
  0.00088   0.00076   6.88383 -19.66499 
  0.00088   0.00080   6.86976 -19.66499 
  0.00088   0.00084   6.75497 -19.66499 
  0.00088   0.00088   6.72913 -19.66499 
  0.00088   0.00092   6.53942 -19.66499 
  0.00092   0.00004   6.92335 -19.04998 
  0.00092   0.00008   6.79321 -19.04998 
  0.00092   0.00012   7.00689 -19.04998 
  0.00092   0.00016   6.85976 -19.04998 
  0.00092   0.00020   6.57648 -19.04998 
  0.00092   0.00024   7.13851 -19.04998 
  0.00092   0.00028   6.91465 -19.04998 
  0.00092   0.00032   6.90219 -19.04998 
  0.00092   0.00036   6.77729 -19.04998 
  0.00092   0.00040   7.13745 -19.04998 
  0.00092   0.00044   7.04505 -19.04998 
  0.00092   0.00048   6.68759 -19.04998 
  0.00092   0.00052   6.60553 -19.04998 
  0.00092   0.00056   6.52638 -19.04998 
  0.00092   0.00060   6.75316 -19.04998 
  0.00092   0.00064   6.80726 -19.04998 
  0.00092   0.00068   6.86837 -19.04998 
  0.00092   0.00072   7.13851 -19.04998 
  0.00092   0.00076   6.49736 -19.04998 
  0.00092   0.00080   6.83793 -19.04998 
  0.00092   0.00084   6.54747 -19.04998 
  0.00092   0.00088   6.80519 -19.04998 
  0.00092   0.00092   6.48401 -19.04998 
  0.00096   0.00004   6.47579 -17.65223 
  0.00096   0.00008   6.48968 -17.65223 
  0.00096   0.00012   6.63822 -17.65223 
  0.00096   0.00016   6.62643 -17.65223 
  0.00096   0.00020   7.29903 -17.65223 
  0.00096   0.00024   6.55113 -17.65223 
  0.00096   0.00028   6.56084 -17.65223 
  0.00096   0.00032   6.70351 -17.65223 
  0.00096   0.00036   6.53871 -17.65223 
  0.00096   0.00040   6.80486 -17.65223 
  0.00096   0.00044   6.85498 -17.65223 
  0.00096   0.00048   6.88891 -17.65223 
  0.00096   0.00052   6.89352 -17.65223 
  0.00096   0.00056   6.82802 -17.65223 
  0.00096   0.00060   6.54581 -17.65223 
  0.00096   0.00064   6.72041 -17.65223 
  0.00096   0.00068   6.57519 -17.65223 
  0.00096   0.00072   6.55113 -17.65223 
  0.00096   0.00076   7.31295 -17.65223 
  0.00096   0.00080   6.64522 -17.65223 
  0.00096   0.00084   6.66796 -17.65223 
  0.00096   0.00088   6.94092 -17.65223 
  0.00096   0.00092   6.51443 -17.65223 
  0.00100   0.00004   6.91940 -14.04308 
  0.00100   0.00008   6.67577 -14.04308 
  0.00100   0.00012   6.99747 -14.04308 
  0.00100   0.00016   6.78984 -14.04308 
  0.00100   0.00020   7.17041 -14.04308 
  0.00100   0.00024   6.56037 -14.04308 
  0.00100   0.00028   6.80294 -14.04308 
  0.00100   0.00032   6.80559 -14.04308 
  0.00100   0.00036   6.78497 -14.04308 
  0.00100   0.00040   6.94132 -14.04308 
  0.00100   0.00044   6.78770 -14.04308 
  0.00100   0.00048   6.62204 -14.04308 
  0.00100   0.00052   6.40422 -14.04308 
  0.00100   0.00056   6.39010 -14.04308 
  0.00100   0.00060   6.80422 -14.04308 
  0.00100   0.00064   6.75608 -14.04308 
  0.00100   0.00068   6.78063 -14.04308 
  0.00100   0.00072   6.56037 -14.04308 
  0.00100   0.00076   7.12357 -14.04308 
  0.00100   0.00080   6.79922 -14.04308 
  0.00100   0.00084   6.57999 -14.04308 
  0.00100   0.00088   6.71899 -14.04308 
  0.00100   0.00092   6.53611 -14.04308 
  0.00104   0.00004   7.12202  -9.81457 
  0.00104   0.00008   7.00568  -9.81457 
  0.00104   0.00012   7.08214  -9.81457 
  0.00104   0.00016   7.05919  -9.81457 
  0.00104   0.00020   7.10427  -9.81457 
  0.00104   0.00024   6.68929  -9.81457 
  0.00104   0.00028   7.12267  -9.81457 
  0.00104   0.00032   6.98818  -9.81457 
  0.00104   0.00036   6.75665  -9.81457 
  0.00104   0.00040   7.02656  -9.81457 
  0.00104   0.00044   6.94478  -9.81457 
  0.00104   0.00048   6.17772  -9.81457 
  0.00104   0.00052   6.36877  -9.81457 
  0.00104   0.00056   6.58571  -9.81457 
  0.00104   0.00060   6.74228  -9.81457 
  0.00104   0.00064   6.90554  -9.81457 
  0.00104   0.00068   6.68728  -9.81457 
  0.00104   0.00072   6.68929  -9.81457 
  0.00104   0.00076   7.04631  -9.81457 
  0.00104   0.00080   6.64492  -9.81457 
  0.00104   0.00084   6.30003  -9.81457 
  0.00104   0.00088   6.56290  -9.81457 
  0.00104   0.00092   6.54635  -9.81457 
  0.00108   0.00004   7.40651  -4.34731 
  0.00108   0.00008   7.01910  -4.34731 
  0.00108   0.00012   7.22666  -4.34731 
  0.00108   0.00016   7.40314  -4.34731 
  0.00108   0.00020   7.42763  -4.34731 
  0.00108   0.00024   6.93341  -4.34731 
  0.00108   0.00028   7.11134  -4.34731 
  0.00108   0.00032   7.26051  -4.34731 
  0.00108   0.00036   7.27904  -4.34731 
  0.00108   0.00040   7.41968  -4.34731 
  0.00108   0.00044   7.16216  -4.34731 
  0.00108   0.00048   6.51221  -4.34731 
  0.00108   0.00052   6.45943  -4.34731 
  0.00108   0.00056   6.30745  -4.34731 
  0.00108   0.00060   6.79466  -4.34731 
  0.00108   0.00064   6.84233  -4.34731 
  0.00108   0.00068   7.13215  -4.34731 
  0.00108   0.00072   6.93341  -4.34731 
  0.00108   0.00076   7.09369  -4.34731 
  0.00108   0.00080   6.71010  -4.34731 
  0.00108   0.00084   6.76824  -4.34731 
  0.00108   0.00088   6.92376  -4.34731 
  0.00108   0.00092   6.70438  -4.34731 
  0.00112   0.00004   7.72899   2.00190 
  0.00112   0.00008   7.88081   2.00190 
  0.00112   0.00012   8.01659   2.00190 
  0.00112   0.00016   7.60585   2.00190 
  0.00112   0.00020   7.87244   2.00190 
  0.00112   0.00024   7.28410   2.00190 
  0.00112   0.00028   7.77062   2.00190 
  0.00112   0.00032   7.78723   2.00190 
  0.00112   0.00036   7.64590   2.00190 
  0.00112   0.00040   7.95596   2.00190 
  0.00112   0.00044   7.79774   2.00190 
  0.00112   0.00048   6.38740   2.00190 
  0.00112   0.00052   6.71534   2.00190 
  0.00112   0.00056   6.60497   2.00190 
  0.00112   0.00060   6.51914   2.00190 
  0.00112   0.00064   7.08853   2.00190 
  0.00112   0.00068   7.08568   2.00190 
  0.00112   0.00072   7.28410   2.00190 
  0.00112   0.00076   7.23854   2.00190 
  0.00112   0.00080   7.02902   2.00190 
  0.00112   0.00084   6.99274   2.00190 
  0.00112   0.00088   6.62662   2.00190 
  0.00112   0.00092   6.64755   2.00190 
  0.00116   0.00004   8.49392   8.79209 
  0.00116   0.00008   8.25955   8.79209 
  0.00116   0.00012   8.49616   8.79209 
  0.00116   0.00016   8.50899   8.79209 
  0.00116   0.00020   8.42397   8.79209 
  0.00116   0.00024   7.72821   8.79209 
  0.00116   0.00028   8.11129   8.79209 
  0.00116   0.00032   8.32986   8.79209 
  0.00116   0.00036   8.33268   8.79209 
  0.00116   0.00040   8.47704   8.79209 
  0.00116   0.00044   8.64914   8.79209 
  0.00116   0.00048   7.00680   8.79209 
  0.00116   0.00052   6.73218   8.79209 
  0.00116   0.00056   6.96433   8.79209 
  0.00116   0.00060   6.91722   8.79209 
  0.00116   0.00064   6.83333   8.79209 
  0.00116   0.00068   7.46490   8.79209 
  0.00116   0.00072   7.72821   8.79209 
  0.00116   0.00076   7.24485   8.79209 
  0.00116   0.00080   6.98709   8.79209 
  0.00116   0.00084   6.78026   8.79209 
  0.00116   0.00088   7.00096   8.79209 
  0.00116   0.00092   6.57806   8.79209 
  0.00120   0.00004   9.52592  16.24055 
  0.00120   0.00008   9.14980  16.24055 
  0.00120   0.00012   9.04909  16.24055 
  0.00120   0.00016   9.34522  16.24055 
  0.00120   0.00020   8.94452  16.24055 
  0.00120   0.00024   8.24764  16.24055 
  0.00120   0.00028   9.15036  16.24055 
  0.00120   0.00032   9.52720  16.24055 
  0.00120   0.00036   8.94456  16.24055 
  0.00120   0.00040   9.34533  16.24055 
  0.00120   0.00044   8.60358  16.24055 
  0.00120   0.00048   7.06793  16.24055 
  0.00120   0.00052   6.69109  16.24055 
  0.00120   0.00056   7.27373  16.24055 
  0.00120   0.00060   6.87296  16.24055 
  0.00120   0.00064   7.48780  16.24055 
  0.00120   0.00068   7.06793  16.24055 
  0.00120   0.00072   8.24764  16.24055 
  0.00120   0.00076   6.87296  16.24055 
  0.00120   0.00080   7.27372  16.24055 
  0.00120   0.00084   6.69104  16.24055 
  0.00120   0.00088   7.06777  16.24055 
  0.00120   0.00092   7.48726  16.24055 
  0.00124   0.00004  10.19304  23.66539 
  0.00124   0.00008  10.14836  23.66539 
  0.00124   0.00012  10.29550  23.66539 
  0.00124   0.00016  10.31229  23.66539 
  0.00124   0.00020  10.51685  23.66539 
  0.00124   0.00024  11.01224  23.66539 
  0.00124   0.00028  10.41524  23.66539 
  0.00124   0.00032  10.23258  23.66539 
  0.00124   0.00036  10.17622  23.66539 
  0.00124   0.00040  10.21831  23.66539 
  0.00124   0.00044  10.12315  23.66539 
  0.00124   0.00048   7.25881  23.66539 
  0.00124   0.00052   7.22369  23.66539 
  0.00124   0.00056   7.15795  23.66539 
  0.00124   0.00060   7.12361  23.66539 
  0.00124   0.00064   7.08066  23.66539 
  0.00124   0.00068   6.77242  23.66539 
  0.00124   0.00072   6.02948  23.66539 
  0.00124   0.00076   6.70562  23.66539 
  0.00124   0.00080   7.00050  23.66539 
  0.00124   0.00084   7.19511  23.66539 
  0.00124   0.00088   7.25042  23.66539 
  0.00124   0.00092   7.29513  23.66539 
  0.00128   0.00004  11.07543  31.04301 
  0.00128   0.00008  11.03745  31.04301 
  0.00128   0.00012  11.05968  31.04301 
  0.00128   0.00016  11.36706  31.04301 
  0.00128   0.00020  11.48392  31.04301 
  0.00128   0.00024  11.48140  31.04301 
  0.00128   0.00028  11.52962  31.04301 
  0.00128   0.00032  11.31677  31.04301 
  0.00128   0.00036  11.17843  31.04301 
  0.00128   0.00040  11.16878  31.04301 
  0.00128   0.00044  11.11338  31.04301 
  0.00128   0.00048   7.75030  31.04301 
  0.00128   0.00052   7.72862  31.04301 
  0.00128   0.00056   7.66867  31.04301 
  0.00128   0.00060   7.43661  31.04301 
  0.00128   0.00064   7.41218  31.04301 
  0.00128   0.00068   7.16981  31.04301 
  0.00128   0.00072   7.19415  31.04301 
  0.00128   0.00076   7.16936  31.04301 
  0.00128   0.00080   7.36458  31.04301 
  0.00128   0.00084   7.59090  31.04301 
  0.00128   0.00088   7.75351  31.04301 
  0.00128   0.00092   7.69382  31.04301 
  0.00132   0.00004  11.97824  37.89195 
  0.00132   0.00008  12.08556  37.89195 
  0.00132   0.00012  12.19027  37.89195 
  0.00132   0.00016  12.31517  37.89195 
  0.00132   0.00020  12.38815  37.89195 
  0.00132   0.00024  12.44192  37.89195 
  0.00132   0.00028  12.38053  37.89195 
  0.00132   0.00032  12.28483  37.89195 
  0.00132   0.00036  12.16524  37.89195 
  0.00132   0.00040  12.07281  37.89195 
  0.00132   0.00044  11.93072  37.89195 
  0.00132   0.00048   8.49414  37.89195 
  0.00132   0.00052   8.33855  37.89195 
  0.00132   0.00056   8.37984  37.89195 
  0.00132   0.00060   8.14782  37.89195 
  0.00132   0.00064   8.08816  37.89195 
  0.00132   0.00068   7.97726  37.89195 
  0.00132   0.00072   7.91725  37.89195 
  0.00132   0.00076   7.98854  37.89195 
  0.00132   0.00080   8.10591  37.89195 
  0.00132   0.00084   8.25424  37.89195 
  0.00132   0.00088   8.24235  37.89195 
  0.00132   0.00092   8.39818  37.89195 
  0.00136   0.00004  12.76126  44.47655 
  0.00136   0.00008  12.77832  44.47655 
  0.00136   0.00012  12.93892  44.47655 
  0.00136   0.00016  13.12464  44.47655 
  0.00136   0.00020  13.06876  44.47655 
  0.00136   0.00024  12.58221  44.47655 
  0.00136   0.00028  13.04636  44.47655 
  0.00136   0.00032  13.07825  44.47655 
  0.00136   0.00036  12.88178  44.47655 
  0.00136   0.00040  12.94548  44.47655 
  0.00136   0.00044  12.70061  44.47655 
  0.00136   0.00048   9.37541  44.47655 
  0.00136   0.00052   9.11751  44.47655 
  0.00136   0.00056   9.03177  44.47655 
  0.00136   0.00060   8.88988  44.47655 
  0.00136   0.00064   8.96822  44.47655 
  0.00136   0.00068   8.97421  44.47655 
  0.00136   0.00072   9.43970  44.47655 
  0.00136   0.00076   8.85295  44.47655 
  0.00136   0.00080   8.92542  44.47655 
  0.00136   0.00084   8.94953  44.47655 
  0.00136   0.00088   9.13774  44.47655 
  0.00136   0.00092   9.20100  44.47655 
  0.00140   0.00004  13.39872  49.62358 
  0.00140   0.00008  13.60607  49.62358 
  0.00140   0.00012  13.77111  49.62358 
  0.00140   0.00016  13.83199  49.62358 
  0.00140   0.00020  13.87021  49.62358 
  0.00140   0.00024  14.04290  49.62358 
  0.00140   0.00028  13.95665  49.62358 
  0.00140   0.00032  13.77618  49.62358 
  0.00140   0.00036  13.69740  49.62358 
  0.00140   0.00040  13.68619  49.62358 
  0.00140   0.00044  13.44344  49.62358 
  0.00140   0.00048  10.18659  49.62358 
  0.00140   0.00052   9.99868  49.62358 
  0.00140   0.00056  10.02064  49.62358 
  0.00140   0.00060   9.83324  49.62358 
  0.00140   0.00064   9.87531  49.62358 
  0.00140   0.00068   9.65657  49.62358 
  0.00140   0.00072   9.57940  49.62358 
  0.00140   0.00076   9.66255  49.62358 
  0.00140   0.00080   9.92878  49.62358 
  0.00140   0.00084   9.92244  49.62358 
  0.00140   0.00088   9.85644  49.62358 
  0.00140   0.00092   9.99286  49.62358 
