ZONE T="Visual 28e.dat"
I= 23,J= 35,K=1,F=POINT
  0.00004   0.00004  17.05671  59.50278 
  0.00004   0.00008  16.68702  59.50278 
  0.00004   0.00012  16.88801  59.50278 
  0.00004   0.00016  16.62468  59.50278 
  0.00004   0.00020  16.08130  59.50278 
  0.00004   0.00024  16.86799  59.50278 
  0.00004   0.00028  16.76147  59.50278 
  0.00004   0.00032  16.63035  59.50278 
  0.00004   0.00036  17.21311  59.50278 
  0.00004   0.00040  17.10063  59.50278 
  0.00004   0.00044  17.06726  59.50278 
  0.00004   0.00048  16.74162  59.50278 
  0.00004   0.00052  16.42962  59.50278 
  0.00004   0.00056  16.03573  59.50278 
  0.00004   0.00060  16.54377  59.50278 
  0.00004   0.00064  16.56540  59.50278 
  0.00004   0.00068  16.33111  59.50278 
  0.00004   0.00072  16.86799  59.50278 
  0.00004   0.00076  15.93281  59.50278 
  0.00004   0.00080  16.57571  59.50278 
  0.00004   0.00084  16.31253  59.50278 
  0.00004   0.00088  16.69125  59.50278 
  0.00004   0.00092  16.41912  59.50278 
  0.00008   0.00004  18.31736  59.51222 
  0.00008   0.00008  18.34594  59.51222 
  0.00008   0.00012  18.39447  59.51222 
  0.00008   0.00016  18.14838  59.51222 
  0.00008   0.00020  17.48665  59.51222 
  0.00008   0.00024  18.08677  59.51222 
  0.00008   0.00028  18.19558  59.51222 
  0.00008   0.00032  17.73256  59.51222 
  0.00008   0.00036  18.02623  59.51222 
  0.00008   0.00040  18.31388  59.51222 
  0.00008   0.00044  18.63559  59.51222 
  0.00008   0.00048  17.34215  59.51222 
  0.00008   0.00052  17.85088  59.51222 
  0.00008   0.00056  17.68699  59.51222 
  0.00008   0.00060  18.02367  59.51222 
  0.00008   0.00064  17.70871  59.51222 
  0.00008   0.00068  17.30923  59.51222 
  0.00008   0.00072  18.08677  59.51222 
  0.00008   0.00076  17.41773  59.51222 
  0.00008   0.00080  17.52491  59.51222 
  0.00008   0.00084  17.55622  59.51222 
  0.00008   0.00088  17.66012  59.51222 
  0.00008   0.00092  17.53279  59.51222 
  0.00012   0.00004  19.59735  57.97444 
  0.00012   0.00008  19.14925  57.97444 
  0.00012   0.00012  19.37050  57.97444 
  0.00012   0.00016  19.00178  57.97444 
  0.00012   0.00020  18.78400  57.97444 
  0.00012   0.00024  19.07397  57.97444 
  0.00012   0.00028  18.75271  57.97444 
  0.00012   0.00032  18.67119  57.97444 
  0.00012   0.00036  19.38634  57.97444 
  0.00012   0.00040  20.05477  57.97444 
  0.00012   0.00044  19.25599  57.97444 
  0.00012   0.00048  19.36311  57.97444 
  0.00012   0.00052  18.92055  57.97444 
  0.00012   0.00056  18.45114  57.97444 
  0.00012   0.00060  18.65094  57.97444 
  0.00012   0.00064  18.66895  57.97444 
  0.00012   0.00068  18.75305  57.97444 
  0.00012   0.00072  19.07397  57.97444 
  0.00012   0.00076  18.77635  57.97444 
  0.00012   0.00080  19.06312  57.97444 
  0.00012   0.00084  18.80172  57.97444 
  0.00012   0.00088  19.16284  57.97444 
  0.00012   0.00092  19.26233  57.97444 
  0.00016   0.00004  20.55901  55.66305 
  0.00016   0.00008  20.48883  55.66305 
  0.00016   0.00012  20.27908  55.66305 
  0.00016   0.00016  19.87386  55.66305 
  0.00016   0.00020  19.79755  55.66305 
  0.00016   0.00024  19.78495  55.66305 
  0.00016   0.00028  19.91160  55.66305 
  0.00016   0.00032  19.46170  55.66305 
  0.00016   0.00036  19.77066  55.66305 
  0.00016   0.00040  19.99900  55.66305 
  0.00016   0.00044  19.86157  55.66305 
  0.00016   0.00048  19.94432  55.66305 
  0.00016   0.00052  19.90000  55.66305 
  0.00016   0.00056  20.04015  55.66305 
  0.00016   0.00060  19.79941  55.66305 
  0.00016   0.00064  19.49478  55.66305 
  0.00016   0.00068  19.92400  55.66305 
  0.00016   0.00072  19.78495  55.66305 
  0.00016   0.00076  19.81239  55.66305 
  0.00016   0.00080  19.90782  55.66305 
  0.00016   0.00084  20.31993  55.66305 
  0.00016   0.00088  19.76100  55.66305 
  0.00016   0.00092  20.59892  55.66305 
  0.00020   0.00004  20.51695  51.25710 
  0.00020   0.00008  20.54215  51.25710 
  0.00020   0.00012  20.50981  51.25710 
  0.00020   0.00016  20.38089  51.25710 
  0.00020   0.00020  19.79907  51.25710 
  0.00020   0.00024  20.18762  51.25710 
  0.00020   0.00028  19.85357  51.25710 
  0.00020   0.00032  20.58906  51.25710 
  0.00020   0.00036  20.54793  51.25710 
  0.00020   0.00040  20.44493  51.25710 
  0.00020   0.00044  20.58425  51.25710 
  0.00020   0.00048  21.17772  51.25710 
  0.00020   0.00052  21.38721  51.25710 
  0.00020   0.00056  21.19870  51.25710 
  0.00020   0.00060  20.93513  51.25710 
  0.00020   0.00064  20.98130  51.25710 
  0.00020   0.00068  20.56327  51.25710 
  0.00020   0.00072  20.18762  51.25710 
  0.00020   0.00076  20.59451  51.25710 
  0.00020   0.00080  20.62363  51.25710 
  0.00020   0.00084  21.31956  51.25710 
  0.00020   0.00088  21.22460  51.25710 
  0.00020   0.00092  21.32512  51.25710 
  0.00024   0.00004  21.55615  46.29671 
  0.00024   0.00008  19.78008  46.29671 
  0.00024   0.00012  20.96863  46.29671 
  0.00024   0.00016  19.29048  46.29671 
  0.00024   0.00020  20.37250  46.29671 
  0.00024   0.00024  20.26406  46.29671 
  0.00024   0.00028  19.78563  46.29671 
  0.00024   0.00032  21.57218  46.29671 
  0.00024   0.00036  20.37264  46.29671 
  0.00024   0.00040  19.85054  46.29671 
  0.00024   0.00044  20.97038  46.29671 
  0.00024   0.00048  22.96120  46.29671 
  0.00024   0.00052  21.17466  46.29671 
  0.00024   0.00056  22.37420  46.29671 
  0.00024   0.00060  23.53114  46.29671 
  0.00024   0.00064  21.77646  46.29671 
  0.00024   0.00068  22.96120  46.29671 
  0.00024   0.00072  20.26406  46.29671 
  0.00024   0.00076  20.57551  46.29671 
  0.00024   0.00080  22.37420  46.29671 
  0.00024   0.00084  21.17465  46.29671 
  0.00024   0.00088  22.96116  46.29671 
  0.00024   0.00092  21.77629  46.29671 
  0.00028   0.00004  20.13527  40.22747 
  0.00028   0.00008  20.04616  40.22747 
  0.00028   0.00012  20.36075  40.22747 
  0.00028   0.00016  20.41287  40.22747 
  0.00028   0.00020  20.70317  40.22747 
  0.00028   0.00024  22.52514  40.22747 
  0.00028   0.00028  20.93054  40.22747 
  0.00028   0.00032  20.61055  40.22747 
  0.00028   0.00036  20.51841  40.22747 
  0.00028   0.00040  20.34909  40.22747 
  0.00028   0.00044  20.24452  40.22747 
  0.00028   0.00048  22.20313  40.22747 
  0.00028   0.00052  22.65369  40.22747 
  0.00028   0.00056  22.48938  40.22747 
  0.00028   0.00060  22.72651  40.22747 
  0.00028   0.00064  23.27670  40.22747 
  0.00028   0.00068  23.62276  40.22747 
  0.00028   0.00072  23.08137  40.22747 
  0.00028   0.00076  23.71236  40.22747 
  0.00028   0.00080  23.09071  40.22747 
  0.00028   0.00084  22.80460  40.22747 
  0.00028   0.00088  22.91319  40.22747 
  0.00028   0.00092  22.58197  40.22747 
  0.00032   0.00004  19.22418  33.44544 
  0.00032   0.00008  19.28401  33.44544 
  0.00032   0.00012  19.09198  33.44544 
  0.00032   0.00016  19.68420  33.44544 
  0.00032   0.00020  20.03523  33.44544 
  0.00032   0.00024  19.44435  33.44544 
  0.00032   0.00028  19.93066  33.44544 
  0.00032   0.00032  19.73447  33.44544 
  0.00032   0.00036  19.76753  33.44544 
  0.00032   0.00040  19.36546  33.44544 
  0.00032   0.00044  19.75782  33.44544 
  0.00032   0.00048  22.33252  33.44544 
  0.00032   0.00052  22.73764  33.44544 
  0.00032   0.00056  22.77103  33.44544 
  0.00032   0.00060  22.99916  33.44544 
  0.00032   0.00064  23.27493  33.44544 
  0.00032   0.00068  23.80046  33.44544 
  0.00032   0.00072  24.64709  33.44544 
  0.00032   0.00076  23.98839  33.44544 
  0.00032   0.00080  23.49016  33.44544 
  0.00032   0.00084  23.30591  33.44544 
  0.00032   0.00088  22.94370  33.44544 
  0.00032   0.00092  22.26898  33.44544 
  0.00036   0.00004  18.02892  26.30702 
  0.00036   0.00008  18.54799  26.30702 
  0.00036   0.00012  18.30284  26.30702 
  0.00036   0.00016  18.26415  26.30702 
  0.00036   0.00020  18.15873  26.30702 
  0.00036   0.00024  19.80154  26.30702 
  0.00036   0.00028  18.54198  26.30702 
  0.00036   0.00032  18.39656  26.30702 
  0.00036   0.00036  18.09883  26.30702 
  0.00036   0.00040  18.57292  26.30702 
  0.00036   0.00044  18.10467  26.30702 
  0.00036   0.00048  21.77261  26.30702 
  0.00036   0.00052  22.18532  26.30702 
  0.00036   0.00056  22.78493  26.30702 
  0.00036   0.00060  22.64030  26.30702 
  0.00036   0.00064  23.02661  26.30702 
  0.00036   0.00068  23.04608  26.30702 
  0.00036   0.00072  22.11286  26.30702 
  0.00036   0.00076  23.09457  26.30702 
  0.00036   0.00080  23.05820  26.30702 
  0.00036   0.00084  22.85146  26.30702 
  0.00036   0.00088  21.95214  26.30702 
  0.00036   0.00092  22.20205  26.30702 
  0.00040   0.00004  16.68425  18.79817 
  0.00040   0.00008  16.37641  18.79817 
  0.00040   0.00012  16.23909  18.79817 
  0.00040   0.00016  16.34227  18.79817 
  0.00040   0.00020  16.50961  18.79817 
  0.00040   0.00024  16.67849  18.79817 
  0.00040   0.00028  16.57492  18.79817 
  0.00040   0.00032  16.46336  18.79817 
  0.00040   0.00036  16.64267  18.79817 
  0.00040   0.00040  16.49797  18.79817 
  0.00040   0.00044  16.66949  18.79817 
  0.00040   0.00048  21.06655  18.79817 
  0.00040   0.00052  20.93532  18.79817 
  0.00040   0.00056  21.51318  18.79817 
  0.00040   0.00060  21.58681  18.79817 
  0.00040   0.00064  21.72028  18.79817 
  0.00040   0.00068  22.00098  18.79817 
  0.00040   0.00072  21.97265  18.79817 
  0.00040   0.00076  22.04786  18.79817 
  0.00040   0.00080  21.80060  18.79817 
  0.00040   0.00084  21.73082  18.79817 
  0.00040   0.00088  21.48000  18.79817 
  0.00040   0.00092  21.05143  18.79817 
  0.00044   0.00004  14.44286  11.41085 
  0.00044   0.00008  14.48941  11.41085 
  0.00044   0.00012  14.42528  11.41085 
  0.00044   0.00016  14.53745  11.41085 
  0.00044   0.00020  14.32973  11.41085 
  0.00044   0.00024  14.02397  11.41085 
  0.00044   0.00028  14.30206  11.41085 
  0.00044   0.00032  14.53368  11.41085 
  0.00044   0.00036  14.62447  11.41085 
  0.00044   0.00040  14.46151  11.41085 
  0.00044   0.00044  14.69357  11.41085 
  0.00044   0.00048  19.57022  11.41085 
  0.00044   0.00052  19.84836  11.41085 
  0.00044   0.00056  19.85311  11.41085 
  0.00044   0.00060  20.17307  11.41085 
  0.00044   0.00064  20.32111  11.41085 
  0.00044   0.00068  20.59524  11.41085 
  0.00044   0.00072  20.90874  11.41085 
  0.00044   0.00076  20.44500  11.41085 
  0.00044   0.00080  20.37484  11.41085 
  0.00044   0.00084  20.11509  11.41085 
  0.00044   0.00088  19.97690  11.41085 
  0.00044   0.00092  19.70624  11.41085 
  0.00048   0.00004  17.73844   4.26660 
  0.00048   0.00008  17.91885   4.26660 
  0.00048   0.00012  18.11762   4.26660 
  0.00048   0.00016  18.26847   4.26660 
  0.00048   0.00020  18.30427   4.26660 
  0.00048   0.00024  18.27583   4.26660 
  0.00048   0.00028  18.31380   4.26660 
  0.00048   0.00032  18.29974   4.26660 
  0.00048   0.00036  18.16393   4.26660 
  0.00048   0.00040  18.08705   4.26660 
  0.00048   0.00044  17.86219   4.26660 
  0.00048   0.00048  12.79401   4.26660 
  0.00048   0.00052  12.68094   4.26660 
  0.00048   0.00056  12.58915   4.26660 
  0.00048   0.00060  12.41909   4.26660 
  0.00048   0.00064  12.39072   4.26660 
  0.00048   0.00068  12.42515   4.26660 
  0.00048   0.00072  12.47480   4.26660 
  0.00048   0.00076  12.42278   4.26660 
  0.00048   0.00080  12.38630   4.26660 
  0.00048   0.00084  12.51738   4.26660 
  0.00048   0.00088  12.60387   4.26660 
  0.00048   0.00092  12.66412   4.26660 
  0.00052   0.00004  15.32496  -2.16837 
  0.00052   0.00008  15.48870  -2.16837 
  0.00052   0.00012  15.69565  -2.16837 
  0.00052   0.00016  15.90541  -2.16837 
  0.00052   0.00020  16.02066  -2.16837 
  0.00052   0.00024  16.03779  -2.16837 
  0.00052   0.00028  16.04567  -2.16837 
  0.00052   0.00032  15.89491  -2.16837 
  0.00052   0.00036  15.69361  -2.16837 
  0.00052   0.00040  15.49514  -2.16837 
  0.00052   0.00044  15.57246  -2.16837 
  0.00052   0.00048  10.93744  -2.16837 
  0.00052   0.00052  10.92758  -2.16837 
  0.00052   0.00056  10.66183  -2.16837 
  0.00052   0.00060  10.58245  -2.16837 
  0.00052   0.00064  10.45423  -2.16837 
  0.00052   0.00068  10.27821  -2.16837 
  0.00052   0.00072  10.28279  -2.16837 
  0.00052   0.00076  10.28529  -2.16837 
  0.00052   0.00080  10.47231  -2.16837 
  0.00052   0.00084  10.56208  -2.16837 
  0.00052   0.00088  10.79519  -2.16837 
  0.00052   0.00092  10.77168  -2.16837 
  0.00056   0.00004  12.88982  -8.24871 
  0.00056   0.00008  13.09281  -8.24871 
  0.00056   0.00012  13.04808  -8.24871 
  0.00056   0.00016  13.29358  -8.24871 
  0.00056   0.00020  13.22021  -8.24871 
  0.00056   0.00024  13.63681  -8.24871 
  0.00056   0.00028  13.40794  -8.24871 
  0.00056   0.00032  13.23392  -8.24871 
  0.00056   0.00036  12.98109  -8.24871 
  0.00056   0.00040  13.09519  -8.24871 
  0.00056   0.00044  12.86138  -8.24871 
  0.00056   0.00048   9.53459  -8.24871 
  0.00056   0.00052   9.35804  -8.24871 
  0.00056   0.00056   9.18036  -8.24871 
  0.00056   0.00060   8.88978  -8.24871 
  0.00056   0.00064   8.86986  -8.24871 
  0.00056   0.00068   8.53272  -8.24871 
  0.00056   0.00072   7.94082  -8.24871 
  0.00056   0.00076   8.57724  -8.24871 
  0.00056   0.00080   8.81068  -8.24871 
  0.00056   0.00084   8.97363  -8.24871 
  0.00056   0.00088   9.10148  -8.24871 
  0.00056   0.00092   9.46297  -8.24871 
  0.00060   0.00004  10.64176 -12.66993 
  0.00060   0.00008  10.28671 -12.66993 
  0.00060   0.00012  10.47600 -12.66993 
  0.00060   0.00016  10.50102 -12.66993 
  0.00060   0.00020  10.63471 -12.66993 
  0.00060   0.00024  10.87220 -12.66993 
  0.00060   0.00028  10.56395 -12.66993 
  0.00060   0.00032  10.45525 -12.66993 
  0.00060   0.00036  10.49100 -12.66993 
  0.00060   0.00040  10.11105 -12.66993 
  0.00060   0.00044  10.69141 -12.66993 
  0.00060   0.00048   8.16661 -12.66993 
  0.00060   0.00052   8.02375 -12.66993 
  0.00060   0.00056   8.09578 -12.66993 
  0.00060   0.00060   7.78995 -12.66993 
  0.00060   0.00064   7.81356 -12.66993 
  0.00060   0.00068   7.32966 -12.66993 
  0.00060   0.00072   6.90374 -12.66993 
  0.00060   0.00076   7.40880 -12.66993 
  0.00060   0.00080   7.55069 -12.66993 
  0.00060   0.00084   7.92414 -12.66993 
  0.00060   0.00088   8.25770 -12.66993 
  0.00060   0.00092   8.03491 -12.66993 
  0.00064   0.00004   8.72610 -16.39386 
  0.00064   0.00008   8.49445 -16.39386 
  0.00064   0.00012   8.56609 -16.39386 
  0.00064   0.00016   8.19924 -16.39386 
  0.00064   0.00020   7.71806 -16.39386 
  0.00064   0.00024   6.65679 -16.39386 
  0.00064   0.00028   8.01631 -16.39386 
  0.00064   0.00032   8.04737 -16.39386 
  0.00064   0.00036   8.51932 -16.39386 
  0.00064   0.00040   8.41683 -16.39386 
  0.00064   0.00044   8.56981 -16.39386 
  0.00064   0.00048   7.16249 -16.39386 
  0.00064   0.00052   6.94200 -16.39386 
  0.00064   0.00056   7.00881 -16.39386 
  0.00064   0.00060   7.19858 -16.39386 
  0.00064   0.00064   6.67725 -16.39386 
  0.00064   0.00068   6.47891 -16.39386 
  0.00064   0.00072   7.53638 -16.39386 
  0.00064   0.00076   6.56318 -16.39386 
  0.00064   0.00080   6.78656 -16.39386 
  0.00064   0.00084   6.82009 -16.39386 
  0.00064   0.00088   7.03936 -16.39386 
  0.00064   0.00092   7.14287 -16.39386 
  0.00068   0.00004   7.02252 -18.72319 
  0.00068   0.00008   6.81914 -18.72319 
  0.00068   0.00012   6.86701 -18.72319 
  0.00068   0.00016   6.61341 -18.72319 
  0.00068   0.00020   6.17236 -18.72319 
  0.00068   0.00024   6.10960 -18.72319 
  0.00068   0.00028   6.33167 -18.72319 
  0.00068   0.00032   6.78035 -18.72319 
  0.00068   0.00036   6.96216 -18.72319 
  0.00068   0.00040   7.07949 -18.72319 
  0.00068   0.00044   7.01382 -18.72319 
  0.00068   0.00048   6.09845 -18.72319 
  0.00068   0.00052   6.26615 -18.72319 
  0.00068   0.00056   6.17843 -18.72319 
  0.00068   0.00060   6.06950 -18.72319 
  0.00068   0.00064   6.13514 -18.72319 
  0.00068   0.00068   5.80935 -18.72319 
  0.00068   0.00072   5.20039 -18.72319 
  0.00068   0.00076   5.84984 -18.72319 
  0.00068   0.00080   6.03142 -18.72319 
  0.00068   0.00084   6.11804 -18.72319 
  0.00068   0.00088   6.38718 -18.72319 
  0.00068   0.00092   6.30132 -18.72319 
  0.00072   0.00004   5.25061 -19.50593 
  0.00072   0.00008   5.77258 -19.50593 
  0.00072   0.00012   6.28984 -19.50593 
  0.00072   0.00016   5.51978 -19.50593 
  0.00072   0.00020   6.03620 -19.50593 
  0.00072   0.00024   6.73358 -19.50593 
  0.00072   0.00028   5.77828 -19.50593 
  0.00072   0.00032   5.33052 -19.50593 
  0.00072   0.00036   6.03641 -19.50593 
  0.00072   0.00040   5.52047 -19.50593 
  0.00072   0.00044   6.29186 -19.50593 
  0.00072   0.00048   5.68418 -19.50593 
  0.00072   0.00052   6.19658 -19.50593 
  0.00072   0.00056   5.42606 -19.50593 
  0.00072   0.00060   5.94200 -19.50593 
  0.00072   0.00064   5.17061 -19.50593 
  0.00072   0.00068   5.68418 -19.50593 
  0.00072   0.00072   6.73358 -19.50593 
  0.00072   0.00076   5.94200 -19.50593 
  0.00072   0.00080   5.42605 -19.50593 
  0.00072   0.00084   6.19656 -19.50593 
  0.00072   0.00088   5.68413 -19.50593 
  0.00072   0.00092   5.17043 -19.50593 
  0.00076   0.00004   5.03509 -19.51537 
  0.00076   0.00008   5.27583 -19.51537 
  0.00076   0.00012   5.26088 -19.51537 
  0.00076   0.00016   5.22290 -19.51537 
  0.00076   0.00020   5.43363 -19.51537 
  0.00076   0.00024   5.87092 -19.51537 
  0.00076   0.00028   5.73492 -19.51537 
  0.00076   0.00032   5.44288 -19.51537 
  0.00076   0.00036   5.25224 -19.51537 
  0.00076   0.00040   5.01762 -19.51537 
  0.00076   0.00044   4.94104 -19.51537 
  0.00076   0.00048   4.75538 -19.51537 
  0.00076   0.00052   5.00994 -19.51537 
  0.00076   0.00056   4.85763 -19.51537 
  0.00076   0.00060   5.10149 -19.51537 
  0.00076   0.00064   5.29521 -19.51537 
  0.00076   0.00068   5.21808 -19.51537 
  0.00076   0.00072   5.87092 -19.51537 
  0.00076   0.00076   5.39508 -19.51537 
  0.00076   0.00080   5.15668 -19.51537 
  0.00076   0.00084   5.16821 -19.51537 
  0.00076   0.00088   4.85860 -19.51537 
  0.00076   0.00092   5.11076 -19.51537 
  0.00080   0.00004   4.36569 -17.20398 
  0.00080   0.00008   4.66088 -17.20398 
  0.00080   0.00012   4.57908 -17.20398 
  0.00080   0.00016   4.78872 -17.20398 
  0.00080   0.00020   4.94199 -17.20398 
  0.00080   0.00024   5.19796 -17.20398 
  0.00080   0.00028   5.01864 -17.20398 
  0.00080   0.00032   4.70735 -17.20398 
  0.00080   0.00036   4.68814 -17.20398 
  0.00080   0.00040   4.53987 -17.20398 
  0.00080   0.00044   4.39374 -17.20398 
  0.00080   0.00048   4.39593 -17.20398 
  0.00080   0.00052   4.64262 -17.20398 
  0.00080   0.00056   4.52886 -17.20398 
  0.00080   0.00060   4.82669 -17.20398 
  0.00080   0.00064   4.82605 -17.20398 
  0.00080   0.00068   4.89257 -17.20398 
  0.00080   0.00072   5.19796 -17.20398 
  0.00080   0.00076   4.86054 -17.20398 
  0.00080   0.00080   4.86775 -17.20398 
  0.00080   0.00084   4.43144 -17.20398 
  0.00080   0.00088   4.48142 -17.20398 
  0.00080   0.00092   4.61748 -17.20398 
  0.00084   0.00004   4.02223 -14.19440 
  0.00084   0.00008   3.92904 -14.19440 
  0.00084   0.00012   4.23032 -14.19440 
  0.00084   0.00016   4.43231 -14.19440 
  0.00084   0.00020   4.53666 -14.19440 
  0.00084   0.00024   4.72120 -14.19440 
  0.00084   0.00028   4.42348 -14.19440 
  0.00084   0.00032   4.41506 -14.19440 
  0.00084   0.00036   4.19931 -14.19440 
  0.00084   0.00040   4.34411 -14.19440 
  0.00084   0.00044   4.04106 -14.19440 
  0.00084   0.00048   4.14150 -14.19440 
  0.00084   0.00052   4.28967 -14.19440 
  0.00084   0.00056   4.24463 -14.19440 
  0.00084   0.00060   4.46866 -14.19440 
  0.00084   0.00064   4.56456 -14.19440 
  0.00084   0.00068   4.63045 -14.19440 
  0.00084   0.00072   4.72120 -14.19440 
  0.00084   0.00076   4.52569 -14.19440 
  0.00084   0.00080   4.43223 -14.19440 
  0.00084   0.00084   4.39566 -14.19440 
  0.00084   0.00088   4.52924 -14.19440 
  0.00084   0.00092   4.27205 -14.19440 
  0.00088   0.00004   3.88911  -9.78844 
  0.00088   0.00008   3.93737  -9.78844 
  0.00088   0.00012   3.99101  -9.78844 
  0.00088   0.00016   4.20885  -9.78844 
  0.00088   0.00020   4.18929  -9.78844 
  0.00088   0.00024   4.44379  -9.78844 
  0.00088   0.00028   4.27908  -9.78844 
  0.00088   0.00032   4.01998  -9.78844 
  0.00088   0.00036   3.95541  -9.78844 
  0.00088   0.00040   3.97832  -9.78844 
  0.00088   0.00044   3.86979  -9.78844 
  0.00088   0.00048   3.98199  -9.78844 
  0.00088   0.00052   4.07091  -9.78844 
  0.00088   0.00056   4.11016  -9.78844 
  0.00088   0.00060   4.38111  -9.78844 
  0.00088   0.00064   4.35286  -9.78844 
  0.00088   0.00068   4.27251  -9.78844 
  0.00088   0.00072   4.44379  -9.78844 
  0.00088   0.00076   4.35662  -9.78844 
  0.00088   0.00080   4.29077  -9.78844 
  0.00088   0.00084   4.17836  -9.78844 
  0.00088   0.00088   4.16328  -9.78844 
  0.00088   0.00092   4.09074  -9.78844 
  0.00092   0.00004   3.76766  -4.27363 
  0.00092   0.00008   3.84520  -4.27363 
  0.00092   0.00012   4.01600  -4.27363 
  0.00092   0.00016   4.02883  -4.27363 
  0.00092   0.00020   3.99562  -4.27363 
  0.00092   0.00024   4.36773  -4.27363 
  0.00092   0.00028   4.11714  -4.27363 
  0.00092   0.00032   3.98595  -4.27363 
  0.00092   0.00036   3.88602  -4.27363 
  0.00092   0.00040   4.04098  -4.27363 
  0.00092   0.00044   3.86397  -4.27363 
  0.00092   0.00048   4.25357  -4.27363 
  0.00092   0.00052   4.20209  -4.27363 
  0.00092   0.00056   4.19273  -4.27363 
  0.00092   0.00060   4.31631  -4.27363 
  0.00092   0.00064   4.32742  -4.27363 
  0.00092   0.00068   4.32658  -4.27363 
  0.00092   0.00072   4.36773  -4.27363 
  0.00092   0.00076   4.17435  -4.27363 
  0.00092   0.00080   4.28680  -4.27363 
  0.00092   0.00084   4.12168  -4.27363 
  0.00092   0.00088   4.25215  -4.27363 
  0.00092   0.00092   4.10601  -4.27363 
  0.00096   0.00004   4.33065   1.79561 
  0.00096   0.00008   4.31910   1.79561 
  0.00096   0.00012   4.43411   1.79561 
  0.00096   0.00016   4.39568   1.79561 
  0.00096   0.00020   4.75885   1.79561 
  0.00096   0.00024   4.27398   1.79561 
  0.00096   0.00028   4.40482   1.79561 
  0.00096   0.00032   4.50984   1.79561 
  0.00096   0.00036   4.31628   1.79561 
  0.00096   0.00040   4.55987   1.79561 
  0.00096   0.00044   4.52284   1.79561 
  0.00096   0.00048   3.92020   1.79561 
  0.00096   0.00052   4.03038   1.79561 
  0.00096   0.00056   4.03141   1.79561 
  0.00096   0.00060   4.07975   1.79561 
  0.00096   0.00064   4.11156   1.79561 
  0.00096   0.00068   4.13263   1.79561 
  0.00096   0.00072   4.27398   1.79561 
  0.00096   0.00076   4.50294   1.79561 
  0.00096   0.00080   4.16446   1.79561 
  0.00096   0.00084   4.05831   1.79561 
  0.00096   0.00088   4.15447   1.79561 
  0.00096   0.00092   3.83827   1.79561 
  0.00100   0.00004   4.88255   8.93403 
  0.00100   0.00008   4.74653   8.93403 
  0.00100   0.00012   4.92363   8.93403 
  0.00100   0.00016   4.81732   8.93403 
  0.00100   0.00020   5.06869   8.93403 
  0.00100   0.00024   4.65412   8.93403 
  0.00100   0.00028   4.84625   8.93403 
  0.00100   0.00032   4.89030   8.93403 
  0.00100   0.00036   4.87480   8.93403 
  0.00100   0.00040   4.96847   8.93403 
  0.00100   0.00044   4.85366   8.93403 
  0.00100   0.00048   4.05019   8.93403 
  0.00100   0.00052   4.07710   8.93403 
  0.00100   0.00056   4.20574   8.93403 
  0.00100   0.00060   4.43387   8.93403 
  0.00100   0.00064   4.44716   8.93403 
  0.00100   0.00068   4.60143   8.93403 
  0.00100   0.00072   4.65412   8.93403 
  0.00100   0.00076   4.80861   8.93403 
  0.00100   0.00080   4.52810   8.93403 
  0.00100   0.00084   4.32271   8.93403 
  0.00100   0.00088   4.34577   8.93403 
  0.00100   0.00092   4.10611   8.93403 
  0.00104   0.00004   5.52151  16.19593 
  0.00104   0.00008   5.43389  16.19593 
  0.00104   0.00012   5.49988  16.19593 
  0.00104   0.00016   5.50674  16.19593 
  0.00104   0.00020   5.58347  16.19593 
  0.00104   0.00024   5.25085  16.19593 
  0.00104   0.00028   5.48673  16.19593 
  0.00104   0.00032   5.52239  16.19593 
  0.00104   0.00036   5.38103  16.19593 
  0.00104   0.00040   5.42881  16.19593 
  0.00104   0.00044   5.30983  16.19593 
  0.00104   0.00048   4.26525  16.19593 
  0.00104   0.00052   4.42595  16.19593 
  0.00104   0.00056   4.73391  16.19593 
  0.00104   0.00060   4.82143  16.19593 
  0.00104   0.00064   5.01571  16.19593 
  0.00104   0.00068   5.07864  16.19593 
  0.00104   0.00072   5.25085  16.19593 
  0.00104   0.00076   5.31214  16.19593 
  0.00104   0.00080   4.94989  16.19593 
  0.00104   0.00084   4.70393  16.19593 
  0.00104   0.00088   4.66396  16.19593 
  0.00104   0.00092   4.63781  16.19593 
  0.00108   0.00004   6.34137  23.70478 
  0.00108   0.00008   6.23509  23.70478 
  0.00108   0.00012   6.22959  23.70478 
  0.00108   0.00016   6.32702  23.70478 
  0.00108   0.00020   6.34798  23.70478 
  0.00108   0.00024   6.06057  23.70478 
  0.00108   0.00028   6.18921  23.70478 
  0.00108   0.00032   6.31057  23.70478 
  0.00108   0.00036   6.31014  23.70478 
  0.00108   0.00040   6.30025  23.70478 
  0.00108   0.00044   6.12395  23.70478 
  0.00108   0.00048   5.04781  23.70478 
  0.00108   0.00052   4.98149  23.70478 
  0.00108   0.00056   5.13281  23.70478 
  0.00108   0.00060   5.40392  23.70478 
  0.00108   0.00064   5.63114  23.70478 
  0.00108   0.00068   5.89381  23.70478 
  0.00108   0.00072   6.06057  23.70478 
  0.00108   0.00076   5.95544  23.70478 
  0.00108   0.00080   5.48617  23.70478 
  0.00108   0.00084   5.39626  23.70478 
  0.00108   0.00088   5.24369  23.70478 
  0.00108   0.00092   5.19915  23.70478 
  0.00112   0.00004   7.31047  30.97056 
  0.00112   0.00008   7.30432  30.97056 
  0.00112   0.00012   7.36637  30.97056 
  0.00112   0.00016   7.27883  30.97056 
  0.00112   0.00020   7.38021  30.97056 
  0.00112   0.00024   7.07210  30.97056 
  0.00112   0.00028   7.37732  30.97056 
  0.00112   0.00032   7.41303  30.97056 
  0.00112   0.00036   7.36577  30.97056 
  0.00112   0.00040   7.47536  30.97056 
  0.00112   0.00044   7.45252  30.97056 
  0.00112   0.00048   5.54555  30.97056 
  0.00112   0.00052   5.78049  30.97056 
  0.00112   0.00056   5.75334  30.97056 
  0.00112   0.00060   5.76813  30.97056 
  0.00112   0.00064   6.32227  30.97056 
  0.00112   0.00068   6.57707  30.97056 
  0.00112   0.00072   7.07210  30.97056 
  0.00112   0.00076   6.64764  30.97056 
  0.00112   0.00080   6.32327  30.97056 
  0.00112   0.00084   6.16350  30.97056 
  0.00112   0.00088   5.92103  30.97056 
  0.00112   0.00092   5.63865  30.97056 
  0.00116   0.00004   8.83086  38.11482 
  0.00116   0.00008   8.63423  38.11482 
  0.00116   0.00012   8.83853  38.11482 
  0.00116   0.00016   8.79295  38.11482 
  0.00116   0.00020   8.78003  38.11482 
  0.00116   0.00024   8.26359  38.11482 
  0.00116   0.00028   8.58999  38.11482 
  0.00116   0.00032   8.76111  38.11482 
  0.00116   0.00036   8.57414  38.11482 
  0.00116   0.00040   8.58346  38.11482 
  0.00116   0.00044   8.90052  38.11482 
  0.00116   0.00048   6.70756  38.11482 
  0.00116   0.00052   6.44394  38.11482 
  0.00116   0.00056   6.72456  38.11482 
  0.00116   0.00060   6.83307  38.11482 
  0.00116   0.00064   6.87905  38.11482 
  0.00116   0.00068   7.44712  38.11482 
  0.00116   0.00072   8.26359  38.11482 
  0.00116   0.00076   7.27687  38.11482 
  0.00116   0.00080   6.88540  38.11482 
  0.00116   0.00084   6.68011  38.11482 
  0.00116   0.00088   6.71669  38.11482 
  0.00116   0.00092   6.37424  38.11482 
  0.00120   0.00004  10.10677  44.19515 
  0.00120   0.00008  10.37716  44.19515 
  0.00120   0.00012  10.73893  44.19515 
  0.00120   0.00016  10.24931  44.19515 
  0.00120   0.00020  10.49032  44.19515 
  0.00120   0.00024   9.60040  44.19515 
  0.00120   0.00028  10.37731  44.19515 
  0.00120   0.00032  10.10747  44.19515 
  0.00120   0.00036  10.49032  44.19515 
  0.00120   0.00040  10.24933  44.19515 
  0.00120   0.00044  10.34899  44.19515 
  0.00120   0.00048   7.54331  44.19515 
  0.00120   0.00052   7.81316  44.19515 
  0.00120   0.00056   7.43031  44.19515 
  0.00120   0.00060   7.67130  44.19515 
  0.00120   0.00064   7.33298  44.19515 
  0.00120   0.00068   7.54331  44.19515 
  0.00120   0.00072   9.60040  44.19515 
  0.00120   0.00076   7.67130  44.19515 
  0.00120   0.00080   7.43029  44.19515 
  0.00120   0.00084   7.81310  44.19515 
  0.00120   0.00088   7.54306  44.19515 
  0.00120   0.00092   7.33215  44.19515 
  0.00124   0.00004  12.21531  49.72245 
  0.00124   0.00008  12.29278  49.72245 
  0.00124   0.00012  12.28720  49.72245 
  0.00124   0.00016  12.30796  49.72245 
  0.00124   0.00020  12.52799  49.72245 
  0.00124   0.00024  12.29270  49.72245 
  0.00124   0.00028  12.38896  49.72245 
  0.00124   0.00032  12.33524  49.72245 
  0.00124   0.00036  12.12985  49.72245 
  0.00124   0.00040  12.13854  49.72245 
  0.00124   0.00044  12.17588  49.72245 
  0.00124   0.00048   9.05431  49.72245 
  0.00124   0.00052   8.85103  49.72245 
  0.00124   0.00056   8.81676  49.72245 
  0.00124   0.00060   8.77967  49.72245 
  0.00124   0.00064   8.62152  49.72245 
  0.00124   0.00068   8.17575  49.72245 
  0.00124   0.00072   7.94131  49.72245 
  0.00124   0.00076   7.99806  49.72245 
  0.00124   0.00080   8.44894  49.72245 
  0.00124   0.00084   8.76554  49.72245 
  0.00124   0.00088   8.73322  49.72245 
  0.00124   0.00092   8.89053  49.72245 
  0.00128   0.00004  14.18674  54.14367 
  0.00128   0.00008  14.02703  54.14367 
  0.00128   0.00012  13.99730  54.14367 
  0.00128   0.00016  14.53519  54.14367 
  0.00128   0.00020  14.59328  54.14367 
  0.00128   0.00024  15.55198  54.14367 
  0.00128   0.00028  14.58098  54.14367 
  0.00128   0.00032  14.36165  54.14367 
  0.00128   0.00036  14.51953  54.14367 
  0.00128   0.00040  14.18497  54.14367 
  0.00128   0.00044  13.94516  54.14367 
  0.00128   0.00048  10.59927  54.14367 
  0.00128   0.00052  10.48844  54.14367 
  0.00128   0.00056  10.45308  54.14367 
  0.00128   0.00060  10.33704  54.14367 
  0.00128   0.00064  10.06688  54.14367 
  0.00128   0.00068  10.02839  54.14367 
  0.00128   0.00072   9.05308  54.14367 
  0.00128   0.00076   9.76787  54.14367 
  0.00128   0.00080  10.16637  54.14367 
  0.00128   0.00084  10.58504  54.14367 
  0.00128   0.00088  10.63719  54.14367 
  0.00128   0.00092  10.73180  54.14367 
  0.00132   0.00004  15.94498  57.17030 
  0.00132   0.00008  16.54247  57.17030 
  0.00132   0.00012  16.46730  57.17030 
  0.00132   0.00016  16.46475  57.17030 
  0.00132   0.00020  16.66693  57.17030 
  0.00132   0.00024  16.41478  57.17030 
  0.00132   0.00028  16.57025  57.17030 
  0.00132   0.00032  16.63707  57.17030 
  0.00132   0.00036  16.28333  57.17030 
  0.00132   0.00040  16.29530  57.17030 
  0.00132   0.00044  15.91557  57.17030 
  0.00132   0.00048  12.80189  57.17030 
  0.00132   0.00052  12.62476  57.17030 
  0.00132   0.00056  13.17304  57.17030 
  0.00132   0.00060  12.33440  57.17030 
  0.00132   0.00064  12.36945  57.17030 
  0.00132   0.00068  12.35805  57.17030 
  0.00132   0.00072  12.56066  57.17030 
  0.00132   0.00076  12.45827  57.17030 
  0.00132   0.00080  12.41751  57.17030 
  0.00132   0.00084  12.48137  57.17030 
  0.00132   0.00088  12.09167  57.17030 
  0.00132   0.00092  12.66595  57.17030 
  0.00136   0.00004  17.91371  59.49964 
  0.00136   0.00008  17.65284  59.49964 
  0.00136   0.00012  17.96680  59.49964 
  0.00136   0.00016  18.35465  59.49964 
  0.00136   0.00020  18.14600  59.49964 
  0.00136   0.00024  16.51641  59.49964 
  0.00136   0.00028  18.05091  59.49964 
  0.00136   0.00032  18.30489  59.49964 
  0.00136   0.00036  17.74471  59.49964 
  0.00136   0.00040  18.06706  59.49964 
  0.00136   0.00044  17.63184  59.49964 
  0.00136   0.00048  15.07141  59.49964 
  0.00136   0.00052  14.56630  59.49964 
  0.00136   0.00056  14.72376  59.49964 
  0.00136   0.00060  14.34096  59.49964 
  0.00136   0.00064  14.81045  59.49964 
  0.00136   0.00068  15.01399  59.49964 
  0.00136   0.00072  16.57447  59.49964 
  0.00136   0.00076  14.57450  59.49964 
  0.00136   0.00080  14.78989  59.49964 
  0.00136   0.00084  14.56960  59.49964 
  0.00136   0.00088  14.96328  59.49964 
  0.00136   0.00092  14.87802  59.49964 
  0.00140   0.00004  19.12630  59.50908 
  0.00140   0.00008  19.63780  59.50908 
  0.00140   0.00012  19.84376  59.50908 
  0.00140   0.00016  19.95930  59.50908 
  0.00140   0.00020  19.91633  59.50908 
  0.00140   0.00024  20.31062  59.50908 
  0.00140   0.00028  20.09482  59.50908 
  0.00140   0.00032  19.81243  59.50908 
  0.00140   0.00036  19.68787  59.50908 
  0.00140   0.00040  19.66555  59.50908 
  0.00140   0.00044  19.33191  59.50908 
  0.00140   0.00048  17.25781  59.50908 
  0.00140   0.00052  17.00202  59.50908 
  0.00140   0.00056  16.98494  59.50908 
  0.00140   0.00060  16.76403  59.50908 
  0.00140   0.00064  17.04515  59.50908 
  0.00140   0.00068  16.70946  59.50908 
  0.00140   0.00072  16.53426  59.50908 
  0.00140   0.00076  16.70577  59.50908 
  0.00140   0.00080  17.18869  59.50908 
  0.00140   0.00084  16.99301  59.50908 
  0.00140   0.00088  16.67666  59.50908 
  0.00140   0.00092  16.85093  59.50908 
