ZONE T="Visual  5e.dat"
I= 23,J= 35,K=1,F=POINT
  0.00004   0.00004  10.28553  32.24469 
  0.00004   0.00008  10.24872  32.24469 
  0.00004   0.00012  10.27474  32.24469 
  0.00004   0.00016  10.20099  32.24469 
  0.00004   0.00020  10.14717  32.24469 
  0.00004   0.00024  10.12730  32.24469 
  0.00004   0.00028  10.27183  32.24469 
  0.00004   0.00032  10.20147  32.24469 
  0.00004   0.00036  10.27744  32.24469 
  0.00004   0.00040  10.25378  32.24469 
  0.00004   0.00044  10.28870  32.24469 
  0.00004   0.00048   9.92421  32.24469 
  0.00004   0.00052   9.94766  32.24469 
  0.00004   0.00056   9.94412  32.24469 
  0.00004   0.00060  10.02925  32.24469 
  0.00004   0.00064  10.02606  32.24469 
  0.00004   0.00068   9.95375  32.24469 
  0.00004   0.00072  10.12730  32.24469 
  0.00004   0.00076   9.99336  32.24469 
  0.00004   0.00080  10.01992  32.24469 
  0.00004   0.00084   9.98845  32.24469 
  0.00004   0.00088   9.98248  32.24469 
  0.00004   0.00092   9.94463  32.24469 
  0.00008   0.00004  10.34941  39.13598 
  0.00008   0.00008  10.40118  39.13598 
  0.00008   0.00012  10.48045  39.13598 
  0.00008   0.00016  10.30911  39.13598 
  0.00008   0.00020  10.27124  39.13598 
  0.00008   0.00024  10.25461  39.13598 
  0.00008   0.00028  10.37257  39.13598 
  0.00008   0.00032  10.31955  39.13598 
  0.00008   0.00036  10.36985  39.13598 
  0.00008   0.00040  10.40286  39.13598 
  0.00008   0.00044  10.48664  39.13598 
  0.00008   0.00048   9.97003  39.13598 
  0.00008   0.00052  10.12533  39.13598 
  0.00008   0.00056  10.06906  39.13598 
  0.00008   0.00060  10.11286  39.13598 
  0.00008   0.00064  10.10774  39.13598 
  0.00008   0.00068  10.08060  39.13598 
  0.00008   0.00072  10.25461  39.13598 
  0.00008   0.00076  10.11738  39.13598 
  0.00008   0.00080  10.09301  39.13598 
  0.00008   0.00084  10.07533  39.13598 
  0.00008   0.00088  10.06851  39.13598 
  0.00008   0.00092   9.98840  39.13598 
  0.00012   0.00004  10.57154  45.18805 
  0.00012   0.00008  10.52769  45.18805 
  0.00012   0.00012  10.51776  45.18805 
  0.00012   0.00016  10.43340  45.18805 
  0.00012   0.00020  10.41106  45.18805 
  0.00012   0.00024  10.37363  45.18805 
  0.00012   0.00028  10.41942  45.18805 
  0.00012   0.00032  10.43206  45.18805 
  0.00012   0.00036  10.54785  45.18805 
  0.00012   0.00040  10.57518  45.18805 
  0.00012   0.00044  10.56118  45.18805 
  0.00012   0.00048  10.16955  45.18805 
  0.00012   0.00052  10.13753  45.18805 
  0.00012   0.00056  10.09441  45.18805 
  0.00012   0.00060  10.15995  45.18805 
  0.00012   0.00064  10.19484  45.18805 
  0.00012   0.00068  10.24830  45.18805 
  0.00012   0.00072  10.37363  45.18805 
  0.00012   0.00076  10.25920  45.18805 
  0.00012   0.00080  10.28098  45.18805 
  0.00012   0.00084  10.13756  45.18805 
  0.00012   0.00088  10.17348  45.18805 
  0.00012   0.00092  10.14856  45.18805 
  0.00016   0.00004  10.72732  50.82053 
  0.00016   0.00008  10.71950  50.82053 
  0.00016   0.00012  10.70856  50.82053 
  0.00016   0.00016  10.64102  50.82053 
  0.00016   0.00020  10.55119  50.82053 
  0.00016   0.00024  10.48010  50.82053 
  0.00016   0.00028  10.54941  50.82053 
  0.00016   0.00032  10.56673  50.82053 
  0.00016   0.00036  10.57703  50.82053 
  0.00016   0.00040  10.68066  50.82053 
  0.00016   0.00044  10.62948  50.82053 
  0.00016   0.00048  10.18137  50.82053 
  0.00016   0.00052  10.20323  50.82053 
  0.00016   0.00056  10.21128  50.82053 
  0.00016   0.00060  10.27577  50.82053 
  0.00016   0.00064  10.23637  50.82053 
  0.00016   0.00068  10.42503  50.82053 
  0.00016   0.00072  10.48010  50.82053 
  0.00016   0.00076  10.39200  50.82053 
  0.00016   0.00080  10.28029  50.82053 
  0.00016   0.00084  10.29143  50.82053 
  0.00016   0.00088  10.20235  50.82053 
  0.00016   0.00092  10.30268  50.82053 
  0.00020   0.00004  10.75433  54.64285 
  0.00020   0.00008  10.78351  54.64285 
  0.00020   0.00012  10.74398  54.64285 
  0.00020   0.00016  10.74851  54.64285 
  0.00020   0.00020  10.59909  54.64285 
  0.00020   0.00024  10.57022  54.64285 
  0.00020   0.00028  10.59870  54.64285 
  0.00020   0.00032  10.74886  54.64285 
  0.00020   0.00036  10.76505  54.64285 
  0.00020   0.00040  10.76989  54.64285 
  0.00020   0.00044  10.74800  54.64285 
  0.00020   0.00048  10.28304  54.64285 
  0.00020   0.00052  10.37840  54.64285 
  0.00020   0.00056  10.35209  54.64285 
  0.00020   0.00060  10.37067  54.64285 
  0.00020   0.00064  10.37546  54.64285 
  0.00020   0.00068  10.45738  54.64285 
  0.00020   0.00072  10.57022  54.64285 
  0.00020   0.00076  10.43451  54.64285 
  0.00020   0.00080  10.33887  54.64285 
  0.00020   0.00084  10.40226  54.64285 
  0.00020   0.00088  10.34451  54.64285 
  0.00020   0.00092  10.38854  54.64285 
  0.00024   0.00004  11.01009  57.73706 
  0.00024   0.00008  10.65147  57.73706 
  0.00024   0.00012  10.89843  57.73706 
  0.00024   0.00016  10.61268  57.73706 
  0.00024   0.00020  10.77767  57.73706 
  0.00024   0.00024  10.64077  57.73706 
  0.00024   0.00028  10.65476  57.73706 
  0.00024   0.00032  11.01878  57.73706 
  0.00024   0.00036  10.77778  57.73706 
  0.00024   0.00040  10.56647  57.73706 
  0.00024   0.00044  10.89958  57.73706 
  0.00024   0.00048  10.66031  57.73706 
  0.00024   0.00052  10.29630  57.73706 
  0.00024   0.00056  10.53730  57.73706 
  0.00024   0.00060  10.78316  57.73706 
  0.00024   0.00064  10.41550  57.73706 
  0.00024   0.00068  10.66031  57.73706 
  0.00024   0.00072  10.64077  57.73706 
  0.00024   0.00076  10.17974  57.73706 
  0.00024   0.00080  10.53729  57.73706 
  0.00024   0.00084  10.29627  57.73706 
  0.00024   0.00088  10.66022  57.73706 
  0.00024   0.00092  10.41518  57.73706 
  0.00028   0.00004  10.81630  59.37507 
  0.00028   0.00008  10.80430  59.37507 
  0.00028   0.00012  10.86002  59.37507 
  0.00028   0.00016  10.88019  59.37507 
  0.00028   0.00020  10.92975  59.37507 
  0.00028   0.00024  11.33696  59.37507 
  0.00028   0.00028  10.95863  59.37507 
  0.00028   0.00032  10.90103  59.37507 
  0.00028   0.00036  10.90816  59.37507 
  0.00028   0.00040  10.88627  59.37507 
  0.00028   0.00044  10.86148  59.37507 
  0.00028   0.00048  10.53748  59.37507 
  0.00028   0.00052  10.62308  59.37507 
  0.00028   0.00056  10.56082  59.37507 
  0.00028   0.00060  10.59496  59.37507 
  0.00028   0.00064  10.65289  59.37507 
  0.00028   0.00068  10.60961  59.37507 
  0.00028   0.00072  10.29738  59.37507 
  0.00028   0.00076  10.60339  59.37507 
  0.00028   0.00080  10.59994  59.37507 
  0.00028   0.00084  10.58327  59.37507 
  0.00028   0.00088  10.65333  59.37507 
  0.00028   0.00092  10.59399  59.37507 
  0.00032   0.00004  10.76213  59.44997 
  0.00032   0.00008  10.75298  59.44997 
  0.00032   0.00012  10.71593  59.44997 
  0.00032   0.00016  10.87957  59.44997 
  0.00032   0.00020  10.95246  59.44997 
  0.00032   0.00024  10.78763  59.44997 
  0.00032   0.00028  10.91685  59.44997 
  0.00032   0.00032  10.86538  59.44997 
  0.00032   0.00036  10.85491  59.44997 
  0.00032   0.00040  10.81487  59.44997 
  0.00032   0.00044  10.86492  59.44997 
  0.00032   0.00048  10.70995  59.44997 
  0.00032   0.00052  10.75804  59.44997 
  0.00032   0.00056  10.71750  59.44997 
  0.00032   0.00060  10.69853  59.44997 
  0.00032   0.00064  10.70643  59.44997 
  0.00032   0.00068  10.75298  59.44997 
  0.00032   0.00072  10.90637  59.44997 
  0.00032   0.00076  10.80716  59.44997 
  0.00032   0.00080  10.77128  59.44997 
  0.00032   0.00084  10.78895  59.44997 
  0.00032   0.00088  10.79613  59.44997 
  0.00032   0.00092  10.68145  59.44997 
  0.00036   0.00004  10.69938  58.74333 
  0.00036   0.00008  10.91199  58.74333 
  0.00036   0.00012  10.79626  58.74333 
  0.00036   0.00016  10.77483  58.74333 
  0.00036   0.00020  10.71357  58.74333 
  0.00036   0.00024  11.26059  58.74333 
  0.00036   0.00028  10.85589  58.74333 
  0.00036   0.00032  10.79932  58.74333 
  0.00036   0.00036  10.73011  58.74333 
  0.00036   0.00040  10.88637  58.74333 
  0.00036   0.00044  10.73171  58.74333 
  0.00036   0.00048  10.75454  58.74333 
  0.00036   0.00052  10.84241  58.74333 
  0.00036   0.00056  11.00019  58.74333 
  0.00036   0.00060  10.85233  58.74333 
  0.00036   0.00064  10.92367  58.74333 
  0.00036   0.00068  10.82738  58.74333 
  0.00036   0.00072  10.49409  58.74333 
  0.00036   0.00076  10.84987  58.74333 
  0.00036   0.00080  10.91051  58.74333 
  0.00036   0.00084  10.93029  58.74333 
  0.00036   0.00088  10.66521  58.74333 
  0.00036   0.00092  10.84651  58.74333 
  0.00040   0.00004  10.69181  55.76120 
  0.00040   0.00008  10.53709  55.76120 
  0.00040   0.00012  10.50186  55.76120 
  0.00040   0.00016  10.55090  55.76120 
  0.00040   0.00020  10.65789  55.76120 
  0.00040   0.00024  10.73448  55.76120 
  0.00040   0.00028  10.67696  55.76120 
  0.00040   0.00032  10.63579  55.76120 
  0.00040   0.00036  10.61530  55.76120 
  0.00040   0.00040  10.62459  55.76120 
  0.00040   0.00044  10.66331  55.76120 
  0.00040   0.00048  10.97279  55.76120 
  0.00040   0.00052  10.81140  55.76120 
  0.00040   0.00056  10.97650  55.76120 
  0.00040   0.00060  10.93800  55.76120 
  0.00040   0.00064  10.91750  55.76120 
  0.00040   0.00068  10.95286  55.76120 
  0.00040   0.00072  10.90094  55.76120 
  0.00040   0.00076  10.97527  55.76120 
  0.00040   0.00080  10.96069  55.76120 
  0.00040   0.00084  11.00442  55.76120 
  0.00040   0.00088  11.00259  55.76120 
  0.00040   0.00092  10.88375  55.76120 
  0.00044   0.00004  10.36054  52.11789 
  0.00044   0.00008  10.44835  52.11789 
  0.00044   0.00012  10.39541  52.11789 
  0.00044   0.00016  10.49078  52.11789 
  0.00044   0.00020  10.34673  52.11789 
  0.00044   0.00024  10.13729  52.11789 
  0.00044   0.00028  10.33141  52.11789 
  0.00044   0.00032  10.47343  52.11789 
  0.00044   0.00036  10.50399  52.11789 
  0.00044   0.00040  10.41778  52.11789 
  0.00044   0.00044  10.48673  52.11789 
  0.00044   0.00048  11.01577  52.11789 
  0.00044   0.00052  11.04324  52.11789 
  0.00044   0.00056  10.94350  52.11789 
  0.00044   0.00060  11.02231  52.11789 
  0.00044   0.00064  11.07193  52.11789 
  0.00044   0.00068  11.18505  52.11789 
  0.00044   0.00072  11.38207  52.11789 
  0.00044   0.00076  11.09460  52.11789 
  0.00044   0.00080  11.11046  52.11789 
  0.00044   0.00084  11.02663  52.11789 
  0.00044   0.00088  10.99186  52.11789 
  0.00044   0.00092  10.96696  52.11789 
  0.00048   0.00004  11.00554  47.15219 
  0.00048   0.00008  11.02960  47.15219 
  0.00048   0.00012  11.02332  47.15219 
  0.00048   0.00016  11.04704  47.15219 
  0.00048   0.00020  10.95735  47.15219 
  0.00048   0.00024  10.81059  47.15219 
  0.00048   0.00028  10.97717  47.15219 
  0.00048   0.00032  11.08598  47.15219 
  0.00048   0.00036  11.07944  47.15219 
  0.00048   0.00040  11.08345  47.15219 
  0.00048   0.00044  10.99942  47.15219 
  0.00048   0.00048  10.31197  47.15219 
  0.00048   0.00052  10.24932  47.15219 
  0.00048   0.00056  10.29861  47.15219 
  0.00048   0.00060  10.30217  47.15219 
  0.00048   0.00064  10.22629  47.15219 
  0.00048   0.00068  10.37143  47.15219 
  0.00048   0.00072  10.53929  47.15219 
  0.00048   0.00076  10.35412  47.15219 
  0.00048   0.00080  10.31029  47.15219 
  0.00048   0.00084  10.33335  47.15219 
  0.00048   0.00088  10.25738  47.15219 
  0.00048   0.00092  10.30358  47.15219 
  0.00052   0.00004  10.92762  41.18817 
  0.00052   0.00008  11.01057  41.18817 
  0.00052   0.00012  10.99803  41.18817 
  0.00052   0.00016  11.00393  41.18817 
  0.00052   0.00020  11.12040  41.18817 
  0.00052   0.00024  11.16101  41.18817 
  0.00052   0.00028  11.12522  41.18817 
  0.00052   0.00032  11.03727  41.18817 
  0.00052   0.00036  11.05451  41.18817 
  0.00052   0.00040  10.97725  41.18817 
  0.00052   0.00044  10.96023  41.18817 
  0.00052   0.00048  10.19591  41.18817 
  0.00052   0.00052  10.11416  41.18817 
  0.00052   0.00056  10.05408  41.18817 
  0.00052   0.00060  10.06788  41.18817 
  0.00052   0.00064  10.05699  41.18817 
  0.00052   0.00068  10.00631  41.18817 
  0.00052   0.00072   9.97223  41.18817 
  0.00052   0.00076  10.03855  41.18817 
  0.00052   0.00080  10.02797  41.18817 
  0.00052   0.00084  10.03190  41.18817 
  0.00052   0.00088  10.06048  41.18817 
  0.00052   0.00092  10.12432  41.18817 
  0.00056   0.00004  10.83049  34.72498 
  0.00056   0.00008  10.86503  34.72498 
  0.00056   0.00012  10.96513  34.72498 
  0.00056   0.00016  10.97086  34.72498 
  0.00056   0.00020  11.02369  34.72498 
  0.00056   0.00024  10.84464  34.72498 
  0.00056   0.00028  10.96087  34.72498 
  0.00056   0.00032  10.96898  34.72498 
  0.00056   0.00036  11.01403  34.72498 
  0.00056   0.00040  10.93293  34.72498 
  0.00056   0.00044  10.91928  34.72498 
  0.00056   0.00048  10.01561  34.72498 
  0.00056   0.00052   9.96261  34.72498 
  0.00056   0.00056   9.88794  34.72498 
  0.00056   0.00060   9.94779  34.72498 
  0.00056   0.00064   9.87036  34.72498 
  0.00056   0.00068   9.91397  34.72498 
  0.00056   0.00072  10.15520  34.72498 
  0.00056   0.00076   9.89869  34.72498 
  0.00056   0.00080   9.85386  34.72498 
  0.00056   0.00084   9.90997  34.72498 
  0.00056   0.00088   9.95305  34.72498 
  0.00056   0.00092   9.91067  34.72498 
  0.00060   0.00004  10.73461  27.39697 
  0.00060   0.00008  10.84106  27.39697 
  0.00060   0.00012  10.81409  27.39697 
  0.00060   0.00016  10.86170  27.39697 
  0.00060   0.00020  10.89133  27.39697 
  0.00060   0.00024  10.90112  27.39697 
  0.00060   0.00028  10.90741  27.39697 
  0.00060   0.00032  10.87667  27.39697 
  0.00060   0.00036  10.86026  27.39697 
  0.00060   0.00040  10.81180  27.39697 
  0.00060   0.00044  10.78310  27.39697 
  0.00060   0.00048   9.81512  27.39697 
  0.00060   0.00052   9.78597  27.39697 
  0.00060   0.00056   9.73032  27.39697 
  0.00060   0.00060   9.72509  27.39697 
  0.00060   0.00064   9.67976  27.39697 
  0.00060   0.00068   9.68028  27.39697 
  0.00060   0.00072   9.68936  27.39697 
  0.00060   0.00076   9.66790  27.39697 
  0.00060   0.00080   9.68969  27.39697 
  0.00060   0.00084   9.69948  27.39697 
  0.00060   0.00088   9.69876  27.39697 
  0.00060   0.00092   9.76756  27.39697 
  0.00064   0.00004  10.59966  20.01978 
  0.00064   0.00008  10.60795  20.01978 
  0.00064   0.00012  10.64424  20.01978 
  0.00064   0.00016  10.72428  20.01978 
  0.00064   0.00020  10.79420  20.01978 
  0.00064   0.00024  10.86043  20.01978 
  0.00064   0.00028  10.77104  20.01978 
  0.00064   0.00032  10.73113  20.01978 
  0.00064   0.00036  10.70481  20.01978 
  0.00064   0.00040  10.65462  20.01978 
  0.00064   0.00044  10.64299  20.01978 
  0.00064   0.00048   9.63078  20.01978 
  0.00064   0.00052   9.63805  20.01978 
  0.00064   0.00056   9.60579  20.01978 
  0.00064   0.00060   9.57104  20.01978 
  0.00064   0.00064   9.56532  20.01978 
  0.00064   0.00068   9.50989  20.01978 
  0.00064   0.00072   9.42295  20.01978 
  0.00064   0.00076   9.51619  20.01978 
  0.00064   0.00080   9.53821  20.01978 
  0.00064   0.00084   9.64421  20.01978 
  0.00064   0.00088   9.64265  20.01978 
  0.00064   0.00092   9.61730  20.01978 
  0.00068   0.00004  10.43551  12.54425 
  0.00068   0.00008  10.46359  12.54425 
  0.00068   0.00012  10.46686  12.54425 
  0.00068   0.00016  10.51873  12.54425 
  0.00068   0.00020  10.58433  12.54425 
  0.00068   0.00024  10.66302  12.54425 
  0.00068   0.00028  10.55650  12.54425 
  0.00068   0.00032  10.48968  12.54425 
  0.00068   0.00036  10.48102  12.54425 
  0.00068   0.00040  10.47887  12.54425 
  0.00068   0.00044  10.46436  12.54425 
  0.00068   0.00048   9.53705  12.54425 
  0.00068   0.00052   9.52350  12.54425 
  0.00068   0.00056   9.51113  12.54425 
  0.00068   0.00060   9.51007  12.54425 
  0.00068   0.00064   9.47030  12.54425 
  0.00068   0.00068   9.41426  12.54425 
  0.00068   0.00072   9.30371  12.54425 
  0.00068   0.00076   9.38247  12.54425 
  0.00068   0.00080   9.45977  12.54425 
  0.00068   0.00084   9.47502  12.54425 
  0.00068   0.00088   9.50260  12.54425 
  0.00068   0.00092   9.50909  12.54425 
  0.00072   0.00004  10.15788   5.45821 
  0.00072   0.00008  10.23187   5.45821 
  0.00072   0.00012  10.28663   5.45821 
  0.00072   0.00016  10.20226   5.45821 
  0.00072   0.00020  10.26353   5.45821 
  0.00072   0.00024   9.88965   5.45821 
  0.00072   0.00028  10.23516   5.45821 
  0.00072   0.00032  10.07889   5.45821 
  0.00072   0.00036  10.26366   5.45821 
  0.00072   0.00040  10.20266   5.45821 
  0.00072   0.00044  10.28781   5.45821 
  0.00072   0.00048   9.46839   5.45821 
  0.00072   0.00052   9.53698   5.45821 
  0.00072   0.00056   9.43990   5.45821 
  0.00072   0.00060   9.50090   5.45821 
  0.00072   0.00064   9.41575   5.45821 
  0.00072   0.00068   9.46839   5.45821 
  0.00072   0.00072   9.88965   5.45821 
  0.00072   0.00076   9.50090   5.45821 
  0.00072   0.00080   9.43989   5.45821 
  0.00072   0.00084   9.53695   5.45821 
  0.00072   0.00088   9.46829   5.45821 
  0.00072   0.00092   9.41543   5.45821 
  0.00076   0.00004  10.10217  -1.43307 
  0.00076   0.00008  10.06741  -1.43307 
  0.00076   0.00012  10.06025  -1.43307 
  0.00076   0.00016  10.02196  -1.43307 
  0.00076   0.00020   9.96393  -1.43307 
  0.00076   0.00024   9.79117  -1.43307 
  0.00076   0.00028   9.96110  -1.43307 
  0.00076   0.00032  10.03969  -1.43307 
  0.00076   0.00036  10.00761  -1.43307 
  0.00076   0.00040  10.00013  -1.43307 
  0.00076   0.00044  10.08111  -1.43307 
  0.00076   0.00048   9.40675  -1.43307 
  0.00076   0.00052   9.35265  -1.43307 
  0.00076   0.00056   9.42241  -1.43307 
  0.00076   0.00060   9.47083  -1.43307 
  0.00076   0.00064   9.48699  -1.43307 
  0.00076   0.00068   9.53822  -1.43307 
  0.00076   0.00072   9.79117  -1.43307 
  0.00076   0.00076   9.51627  -1.43307 
  0.00076   0.00080   9.43964  -1.43307 
  0.00076   0.00084   9.42191  -1.43307 
  0.00076   0.00088   9.39422  -1.43307 
  0.00076   0.00092   9.37778  -1.43307 
  0.00080   0.00004   9.89264  -7.06555 
  0.00080   0.00008   9.85864  -7.06555 
  0.00080   0.00012   9.77640  -7.06555 
  0.00080   0.00016   9.79260  -7.06555 
  0.00080   0.00020   9.75145  -7.06555 
  0.00080   0.00024   9.70028  -7.06555 
  0.00080   0.00028   9.77706  -7.06555 
  0.00080   0.00032   9.75938  -7.06555 
  0.00080   0.00036   9.92811  -7.06555 
  0.00080   0.00040   9.89245  -7.06555 
  0.00080   0.00044   9.84758  -7.06555 
  0.00080   0.00048   9.30484  -7.06555 
  0.00080   0.00052   9.35081  -7.06555 
  0.00080   0.00056   9.36459  -7.06555 
  0.00080   0.00060   9.45932  -7.06555 
  0.00080   0.00064   9.45171  -7.06555 
  0.00080   0.00068   9.52530  -7.06555 
  0.00080   0.00072   9.70028  -7.06555 
  0.00080   0.00076   9.50550  -7.06555 
  0.00080   0.00080   9.51557  -7.06555 
  0.00080   0.00084   9.38216  -7.06555 
  0.00080   0.00088   9.39488  -7.06555 
  0.00080   0.00092   9.39770  -7.06555 
  0.00084   0.00004   9.64730 -12.09464 
  0.00084   0.00008   9.62306 -12.09464 
  0.00084   0.00012   9.65869 -12.09464 
  0.00084   0.00016   9.69897 -12.09464 
  0.00084   0.00020   9.60089 -12.09464 
  0.00084   0.00024   9.62017 -12.09464 
  0.00084   0.00028   9.60695 -12.09464 
  0.00084   0.00032   9.63285 -12.09464 
  0.00084   0.00036   9.66150 -12.09464 
  0.00084   0.00040   9.78019 -12.09464 
  0.00084   0.00044   9.75401 -12.09464 
  0.00084   0.00048   9.33882 -12.09464 
  0.00084   0.00052   9.41671 -12.09464 
  0.00084   0.00056   9.34814 -12.09464 
  0.00084   0.00060   9.43277 -12.09464 
  0.00084   0.00064   9.45263 -12.09464 
  0.00084   0.00068   9.51666 -12.09464 
  0.00084   0.00072   9.62017 -12.09464 
  0.00084   0.00076   9.46975 -12.09464 
  0.00084   0.00080   9.41762 -12.09464 
  0.00084   0.00084   9.43330 -12.09464 
  0.00084   0.00088   9.45353 -12.09464 
  0.00084   0.00092   9.31079 -12.09464 
  0.00088   0.00004   9.53765 -15.91695 
  0.00088   0.00008   9.57932 -15.91695 
  0.00088   0.00012   9.63471 -15.91695 
  0.00088   0.00016   9.56345 -15.91695 
  0.00088   0.00020   9.45985 -15.91695 
  0.00088   0.00024   9.55364 -15.91695 
  0.00088   0.00028   9.60349 -15.91695 
  0.00088   0.00032   9.49871 -15.91695 
  0.00088   0.00036   9.54201 -15.91695 
  0.00088   0.00040   9.57529 -15.91695 
  0.00088   0.00044   9.63282 -15.91695 
  0.00088   0.00048   9.23212 -15.91695 
  0.00088   0.00052   9.38162 -15.91695 
  0.00088   0.00056   9.35789 -15.91695 
  0.00088   0.00060   9.44725 -15.91695 
  0.00088   0.00064   9.41940 -15.91695 
  0.00088   0.00068   9.37035 -15.91695 
  0.00088   0.00072   9.55364 -15.91695 
  0.00088   0.00076   9.39572 -15.91695 
  0.00088   0.00080   9.38739 -15.91695 
  0.00088   0.00084   9.36386 -15.91695 
  0.00088   0.00088   9.35347 -15.91695 
  0.00088   0.00092   9.28681 -15.91695 
  0.00092   0.00004   9.51139 -18.28306 
  0.00092   0.00008   9.44320 -18.28306 
  0.00092   0.00012   9.50438 -18.28306 
  0.00092   0.00016   9.46022 -18.28306 
  0.00092   0.00020   9.33513 -18.28306 
  0.00092   0.00024   9.50301 -18.28306 
  0.00092   0.00028   9.48369 -18.28306 
  0.00092   0.00032   9.45593 -18.28306 
  0.00092   0.00036   9.41899 -18.28306 
  0.00092   0.00040   9.54341 -18.28306 
  0.00092   0.00044   9.51766 -18.28306 
  0.00092   0.00048   9.33437 -18.28306 
  0.00092   0.00052   9.30077 -18.28306 
  0.00092   0.00056   9.27364 -18.28306 
  0.00092   0.00060   9.35759 -18.28306 
  0.00092   0.00064   9.40215 -18.28306 
  0.00092   0.00068   9.37588 -18.28306 
  0.00092   0.00072   9.50301 -18.28306 
  0.00092   0.00076   9.28595 -18.28306 
  0.00092   0.00080   9.40237 -18.28306 
  0.00092   0.00084   9.32182 -18.28306 
  0.00092   0.00088   9.38206 -18.28306 
  0.00092   0.00092   9.29468 -18.28306 
  0.00096   0.00004   9.27282 -19.92107 
  0.00096   0.00008   9.27532 -19.92107 
  0.00096   0.00012   9.33563 -19.92107 
  0.00096   0.00016   9.30942 -19.92107 
  0.00096   0.00020   9.54671 -19.92107 
  0.00096   0.00024   9.31763 -19.92107 
  0.00096   0.00028   9.27283 -19.92107 
  0.00096   0.00032   9.35045 -19.92107 
  0.00096   0.00036   9.30469 -19.92107 
  0.00096   0.00040   9.36371 -19.92107 
  0.00096   0.00044   9.39517 -19.92107 
  0.00096   0.00048   9.48818 -19.92107 
  0.00096   0.00052   9.47254 -19.92107 
  0.00096   0.00056   9.44821 -19.92107 
  0.00096   0.00060   9.35192 -19.92107 
  0.00096   0.00064   9.37954 -19.92107 
  0.00096   0.00068   9.35596 -19.92107 
  0.00096   0.00072   9.31763 -19.92107 
  0.00096   0.00076   9.57686 -19.92107 
  0.00096   0.00080   9.34750 -19.92107 
  0.00096   0.00084   9.39632 -19.92107 
  0.00096   0.00088   9.48190 -19.92107 
  0.00096   0.00092   9.35029 -19.92107 
  0.00100   0.00004   9.39022 -19.21442 
  0.00100   0.00008   9.32664 -19.21442 
  0.00100   0.00012   9.42086 -19.21442 
  0.00100   0.00016   9.34572 -19.21442 
  0.00100   0.00020   9.48952 -19.21442 
  0.00100   0.00024   9.29946 -19.21442 
  0.00100   0.00028   9.35422 -19.21442 
  0.00100   0.00032   9.34918 -19.21442 
  0.00100   0.00036   9.36829 -19.21442 
  0.00100   0.00040   9.40095 -19.21442 
  0.00100   0.00044   9.35449 -19.21442 
  0.00100   0.00048   9.39325 -19.21442 
  0.00100   0.00052   9.31019 -19.21442 
  0.00100   0.00056   9.28247 -19.21442 
  0.00100   0.00060   9.42226 -19.21442 
  0.00100   0.00064   9.38527 -19.21442 
  0.00100   0.00068   9.39730 -19.21442 
  0.00100   0.00072   9.29946 -19.21442 
  0.00100   0.00076   9.51469 -19.21442 
  0.00100   0.00080   9.38407 -19.21442 
  0.00100   0.00084   9.35019 -19.21442 
  0.00100   0.00088   9.38794 -19.21442 
  0.00100   0.00092   9.34612 -19.21442 
  0.00104   0.00004   9.42379 -17.74928 
  0.00104   0.00008   9.40261 -17.74928 
  0.00104   0.00012   9.41404 -17.74928 
  0.00104   0.00016   9.41355 -17.74928 
  0.00104   0.00020   9.43572 -17.74928 
  0.00104   0.00024   9.30566 -17.74928 
  0.00104   0.00028   9.44829 -17.74928 
  0.00104   0.00032   9.37548 -17.74928 
  0.00104   0.00036   9.31439 -17.74928 
  0.00104   0.00040   9.39606 -17.74928 
  0.00104   0.00044   9.38245 -17.74928 
  0.00104   0.00048   9.20784 -17.74928 
  0.00104   0.00052   9.27313 -17.74928 
  0.00104   0.00056   9.31759 -17.74928 
  0.00104   0.00060   9.36570 -17.74928 
  0.00104   0.00064   9.41533 -17.74928 
  0.00104   0.00068   9.31216 -17.74928 
  0.00104   0.00072   9.30566 -17.74928 
  0.00104   0.00076   9.45426 -17.74928 
  0.00104   0.00080   9.30914 -17.74928 
  0.00104   0.00084   9.21658 -17.74928 
  0.00104   0.00088   9.31014 -17.74928 
  0.00104   0.00092   9.31485 -17.74928 
  0.00108   0.00004   9.48178 -14.76716 
  0.00108   0.00008   9.34746 -14.76716 
  0.00108   0.00012   9.42711 -14.76716 
  0.00108   0.00016   9.49408 -14.76716 
  0.00108   0.00020   9.49981 -14.76716 
  0.00108   0.00024   9.33544 -14.76716 
  0.00108   0.00028   9.39878 -14.76716 
  0.00108   0.00032   9.42749 -14.76716 
  0.00108   0.00036   9.42970 -14.76716 
  0.00108   0.00040   9.48777 -14.76716 
  0.00108   0.00044   9.40106 -14.76716 
  0.00108   0.00048   9.26719 -14.76716 
  0.00108   0.00052   9.25282 -14.76716 
  0.00108   0.00056   9.19340 -14.76716 
  0.00108   0.00060   9.33755 -14.76716 
  0.00108   0.00064   9.34782 -14.76716 
  0.00108   0.00068   9.41108 -14.76716 
  0.00108   0.00072   9.33544 -14.76716 
  0.00108   0.00076   9.40857 -14.76716 
  0.00108   0.00080   9.31064 -14.76716 
  0.00108   0.00084   9.34354 -14.76716 
  0.00108   0.00088   9.40319 -14.76716 
  0.00108   0.00092   9.33437 -14.76716 
  0.00112   0.00004   9.52969 -10.46265 
  0.00112   0.00008   9.57731 -10.46265 
  0.00112   0.00012   9.63148 -10.46265 
  0.00112   0.00016   9.48302 -10.46265 
  0.00112   0.00020   9.56670 -10.46265 
  0.00112   0.00024   9.38674 -10.46265 
  0.00112   0.00028   9.53380 -10.46265 
  0.00112   0.00032   9.54261 -10.46265 
  0.00112   0.00036   9.48373 -10.46265 
  0.00112   0.00040   9.59645 -10.46265 
  0.00112   0.00044   9.54566 -10.46265 
  0.00112   0.00048   9.18306 -10.46265 
  0.00112   0.00052   9.28319 -10.46265 
  0.00112   0.00056   9.24312 -10.46265 
  0.00112   0.00060   9.21699 -10.46265 
  0.00112   0.00064   9.38630 -10.46265 
  0.00112   0.00068   9.36037 -10.46265 
  0.00112   0.00072   9.38674 -10.46265 
  0.00112   0.00076   9.39802 -10.46265 
  0.00112   0.00080   9.36410 -10.46265 
  0.00112   0.00084   9.35591 -10.46265 
  0.00112   0.00088   9.24946 -10.46265 
  0.00112   0.00092   9.26901 -10.46265 
  0.00116   0.00004   9.69959  -5.49696 
  0.00116   0.00008   9.62708  -5.49696 
  0.00116   0.00012   9.69005  -5.49696 
  0.00116   0.00016   9.70836  -5.49696 
  0.00116   0.00020   9.67727  -5.49696 
  0.00116   0.00024   9.45589  -5.49696 
  0.00116   0.00028   9.56737  -5.49696 
  0.00116   0.00032   9.63629  -5.49696 
  0.00116   0.00036   9.65780  -5.49696 
  0.00116   0.00040   9.71441  -5.49696 
  0.00116   0.00044   9.75103  -5.49696 
  0.00116   0.00048   9.31977  -5.49696 
  0.00116   0.00052   9.23216  -5.49696 
  0.00116   0.00056   9.30395  -5.49696 
  0.00116   0.00060   9.27673  -5.49696 
  0.00116   0.00064   9.24379  -5.49696 
  0.00116   0.00068   9.43330  -5.49696 
  0.00116   0.00072   9.45589  -5.49696 
  0.00116   0.00076   9.35934  -5.49696 
  0.00116   0.00080   9.29454  -5.49696 
  0.00116   0.00084   9.23632  -5.49696 
  0.00116   0.00088   9.31399  -5.49696 
  0.00116   0.00092   9.18445  -5.49696 
  0.00120   0.00004   9.97884   0.96623 
  0.00120   0.00008   9.82328   0.96623 
  0.00120   0.00012   9.76532   0.96623 
  0.00120   0.00016   9.90767   0.96623 
  0.00120   0.00020   9.74125   0.96623 
  0.00120   0.00024   9.53734   0.96623 
  0.00120   0.00028   9.82614   0.96623 
  0.00120   0.00032   9.98613   0.96623 
  0.00120   0.00036   9.74137   0.96623 
  0.00120   0.00040   9.90803   0.96623 
  0.00120   0.00044   9.62644   0.96623 
  0.00120   0.00048   9.27319   0.96623 
  0.00120   0.00052   9.11321   0.96623 
  0.00120   0.00056   9.35797   0.96623 
  0.00120   0.00060   9.19130   0.96623 
  0.00120   0.00064   9.44461   0.96623 
  0.00120   0.00068   9.27319   0.96623 
  0.00120   0.00072   9.53734   0.96623 
  0.00120   0.00076   9.19130   0.96623 
  0.00120   0.00080   9.35796   0.96623 
  0.00120   0.00084   9.11318   0.96623 
  0.00120   0.00088   9.27310   0.96623 
  0.00120   0.00092   9.44429   0.96623 
  0.00124   0.00004  10.06103   7.71769 
  0.00124   0.00008  10.04719   7.71769 
  0.00124   0.00012  10.10249   7.71769 
  0.00124   0.00016  10.10822   7.71769 
  0.00124   0.00020  10.16538   7.71769 
  0.00124   0.00024  10.35980   7.71769 
  0.00124   0.00028  10.13999   7.71769 
  0.00124   0.00032  10.07899   7.71769 
  0.00124   0.00036  10.07391   7.71769 
  0.00124   0.00040  10.08795   7.71769 
  0.00124   0.00044  10.05056   7.71769 
  0.00124   0.00048   9.23052   7.71769 
  0.00124   0.00052   9.23218   7.71769 
  0.00124   0.00056   9.21047   7.71769 
  0.00124   0.00060   9.19944   7.71769 
  0.00124   0.00064   9.19591   7.71769 
  0.00124   0.00068   9.11797   7.71769 
  0.00124   0.00072   8.86481   7.71769 
  0.00124   0.00076   9.10689   7.71769 
  0.00124   0.00080   9.17967   7.71769 
  0.00124   0.00084   9.22637   7.71769 
  0.00124   0.00088   9.24865   7.71769 
  0.00124   0.00092   9.25451   7.71769 
  0.00128   0.00004  10.23226  15.04571 
  0.00128   0.00008  10.23896  15.04571 
  0.00128   0.00012  10.25376  15.04571 
  0.00128   0.00016  10.32759  15.04571 
  0.00128   0.00020  10.36699  15.04571 
  0.00128   0.00024  10.29497  15.04571 
  0.00128   0.00028  10.38682  15.04571 
  0.00128   0.00032  10.32592  15.04571 
  0.00128   0.00036  10.26346  15.04571 
  0.00128   0.00040  10.28431  15.04571 
  0.00128   0.00044  10.28226  15.04571 
  0.00128   0.00048   9.29742  15.04571 
  0.00128   0.00052   9.29890  15.04571 
  0.00128   0.00056   9.28088  15.04571 
  0.00128   0.00060   9.20673  15.04571 
  0.00128   0.00064   9.21992  15.04571 
  0.00128   0.00068   9.13608  15.04571 
  0.00128   0.00072   9.21952  15.04571 
  0.00128   0.00076   9.15546  15.04571 
  0.00128   0.00080   9.19469  15.04571 
  0.00128   0.00084   9.24384  15.04571 
  0.00128   0.00088   9.29760  15.04571 
  0.00128   0.00092   9.26674  15.04571 
  0.00132   0.00004  10.42573  22.47207 
  0.00132   0.00008  10.43180  22.47207 
  0.00132   0.00012  10.48324  22.47207 
  0.00132   0.00016  10.53416  22.47207 
  0.00132   0.00020  10.54931  22.47207 
  0.00132   0.00024  10.59033  22.47207 
  0.00132   0.00028  10.55630  22.47207 
  0.00132   0.00032  10.51496  22.47207 
  0.00132   0.00036  10.49618  22.47207 
  0.00132   0.00040  10.45968  22.47207 
  0.00132   0.00044  10.43463  22.47207 
  0.00132   0.00048   9.40992  22.47207 
  0.00132   0.00052   9.36856  22.47207 
  0.00132   0.00056   9.34459  22.47207 
  0.00132   0.00060   9.32575  22.47207 
  0.00132   0.00064   9.30370  22.47207 
  0.00132   0.00068   9.26603  22.47207 
  0.00132   0.00072   9.22959  22.47207 
  0.00132   0.00076   9.26242  22.47207 
  0.00132   0.00080   9.30628  22.47207 
  0.00132   0.00084   9.35306  22.47207 
  0.00132   0.00088   9.37530  22.47207 
  0.00132   0.00092   9.38576  22.47207 
  0.00136   0.00004  10.55935  29.94760 
  0.00136   0.00008  10.60108  29.94760 
  0.00136   0.00012  10.64637  29.94760 
  0.00136   0.00016  10.69189  29.94760 
  0.00136   0.00020  10.69182  29.94760 
  0.00136   0.00024  10.63952  29.94760 
  0.00136   0.00028  10.69341  29.94760 
  0.00136   0.00032  10.68431  29.94760 
  0.00136   0.00036  10.65222  29.94760 
  0.00136   0.00040  10.64792  29.94760 
  0.00136   0.00044  10.58796  29.94760 
  0.00136   0.00048   9.56335  29.94760 
  0.00136   0.00052   9.51090  29.94760 
  0.00136   0.00056   9.47132  29.94760 
  0.00136   0.00060   9.45180  29.94760 
  0.00136   0.00064   9.44780  29.94760 
  0.00136   0.00068   9.43661  29.94760 
  0.00136   0.00072   9.48951  29.94760 
  0.00136   0.00076   9.42532  29.94760 
  0.00136   0.00080   9.43336  29.94760 
  0.00136   0.00084   9.45564  29.94760 
  0.00136   0.00088   9.49076  29.94760 
  0.00136   0.00092   9.51569  29.94760 
  0.00140   0.00004  10.69154  36.83888 
  0.00140   0.00008  10.74832  36.83888 
  0.00140   0.00012  10.80601  36.83888 
  0.00140   0.00016  10.82802  36.83888 
  0.00140   0.00020  10.85036  36.83888 
  0.00140   0.00024  10.88612  36.83888 
  0.00140   0.00028  10.87110  36.83888 
  0.00140   0.00032  10.82477  36.83888 
  0.00140   0.00036  10.80201  36.83888 
  0.00140   0.00040  10.79496  36.83888 
  0.00140   0.00044  10.72619  36.83888 
  0.00140   0.00048   9.68899  36.83888 
  0.00140   0.00052   9.64551  36.83888 
  0.00140   0.00056   9.66026  36.83888 
  0.00140   0.00060   9.61327  36.83888 
  0.00140   0.00064   9.61101  36.83888 
  0.00140   0.00068   9.55871  36.83888 
  0.00140   0.00072   9.54445  36.83888 
  0.00140   0.00076   9.56099  36.83888 
  0.00140   0.00080   9.61929  36.83888 
  0.00140   0.00084   9.62776  36.83888 
  0.00140   0.00088   9.62214  36.83888 
  0.00140   0.00092   9.65211  36.83888 
