ZONE T="Visual 26e.dat"
I= 23,J= 35,K=1,F=POINT
  0.00004   0.00004  16.22748  58.92155 
  0.00004   0.00008  15.87734  58.92155 
  0.00004   0.00012  16.08433  58.92155 
  0.00004   0.00016  15.80747  58.92155 
  0.00004   0.00020  15.28703  58.92155 
  0.00004   0.00024  15.98444  58.92155 
  0.00004   0.00028  15.97900  58.92155 
  0.00004   0.00032  15.80733  58.92155 
  0.00004   0.00036  16.37706  58.92155 
  0.00004   0.00040  16.25149  58.92155 
  0.00004   0.00044  16.23722  58.92155 
  0.00004   0.00048  15.71968  58.92155 
  0.00004   0.00052  15.46551  58.92155 
  0.00004   0.00056  15.11048  58.92155 
  0.00004   0.00060  15.62057  58.92155 
  0.00004   0.00064  15.64843  58.92155 
  0.00004   0.00068  15.38052  58.92155 
  0.00004   0.00072  15.98444  58.92155 
  0.00004   0.00076  15.05675  58.92155 
  0.00004   0.00080  15.66042  58.92155 
  0.00004   0.00084  15.39040  58.92155 
  0.00004   0.00088  15.72421  58.92155 
  0.00004   0.00092  15.45582  58.92155 
  0.00008   0.00004  17.41754  59.68454 
  0.00008   0.00008  17.48543  59.68454 
  0.00008   0.00012  17.57901  59.68454 
  0.00008   0.00016  17.25481  59.68454 
  0.00008   0.00020  16.64184  59.68454 
  0.00008   0.00024  17.17417  59.68454 
  0.00008   0.00028  17.34992  59.68454 
  0.00008   0.00032  16.88985  59.68454 
  0.00008   0.00036  17.17806  59.68454 
  0.00008   0.00040  17.45380  59.68454 
  0.00008   0.00044  17.79573  59.68454 
  0.00008   0.00048  16.29718  59.68454 
  0.00008   0.00052  16.86104  59.68454 
  0.00008   0.00056  16.68485  59.68454 
  0.00008   0.00060  17.01858  59.68454 
  0.00008   0.00064  16.73152  59.68454 
  0.00008   0.00068  16.34910  59.68454 
  0.00008   0.00072  17.17417  59.68454 
  0.00008   0.00076  16.47719  59.68454 
  0.00008   0.00080  16.55738  59.68454 
  0.00008   0.00084  16.57292  59.68454 
  0.00008   0.00088  16.65154  59.68454 
  0.00008   0.00092  16.48297  59.68454 
  0.00012   0.00004  18.73728  58.88373 
  0.00012   0.00008  18.30712  58.88373 
  0.00012   0.00012  18.50426  58.88373 
  0.00012   0.00016  18.12108  58.88373 
  0.00012   0.00020  17.91248  58.88373 
  0.00012   0.00024  18.16080  58.88373 
  0.00012   0.00028  17.89555  58.88373 
  0.00012   0.00032  17.82081  58.88373 
  0.00012   0.00036  18.54037  58.88373 
  0.00012   0.00040  19.15692  58.88373 
  0.00012   0.00044  18.42050  58.88373 
  0.00012   0.00048  18.26289  58.88373 
  0.00012   0.00052  17.84486  58.88373 
  0.00012   0.00056  17.39365  58.88373 
  0.00012   0.00060  17.62820  58.88373 
  0.00012   0.00064  17.67377  58.88373 
  0.00012   0.00068  17.78461  58.88373 
  0.00012   0.00072  18.16080  58.88373 
  0.00012   0.00076  17.81152  58.88373 
  0.00012   0.00080  18.08378  58.88373 
  0.00012   0.00084  17.74433  58.88373 
  0.00012   0.00088  18.09169  58.88373 
  0.00012   0.00092  18.16202  58.88373 
  0.00016   0.00004  19.73889  57.30103 
  0.00016   0.00008  19.67262  57.30103 
  0.00016   0.00012  19.47966  57.30103 
  0.00016   0.00016  19.07336  57.30103 
  0.00016   0.00020  18.95324  57.30103 
  0.00016   0.00024  18.90023  57.30103 
  0.00016   0.00028  19.05401  57.30103 
  0.00016   0.00032  18.64994  57.30103 
  0.00016   0.00036  18.93042  57.30103 
  0.00016   0.00040  19.20321  57.30103 
  0.00016   0.00044  19.04093  57.30103 
  0.00016   0.00048  18.81522  57.30103 
  0.00016   0.00052  18.79224  57.30103 
  0.00016   0.00056  18.92653  57.30103 
  0.00016   0.00060  18.76127  57.30103 
  0.00016   0.00064  18.46212  57.30103 
  0.00016   0.00068  18.98600  57.30103 
  0.00016   0.00072  18.90023  57.30103 
  0.00016   0.00076  18.86472  57.30103 
  0.00016   0.00080  18.86635  57.30103 
  0.00016   0.00084  19.23868  57.30103 
  0.00016   0.00088  18.66930  57.30103 
  0.00016   0.00092  19.49151  57.30103 
  0.00020   0.00004  19.75753  53.52755 
  0.00020   0.00008  19.79993  53.52755 
  0.00020   0.00012  19.74505  53.52755 
  0.00020   0.00016  19.63640  53.52755 
  0.00020   0.00020  19.01745  53.52755 
  0.00020   0.00024  19.35945  53.52755 
  0.00020   0.00028  19.06476  53.52755 
  0.00020   0.00032  19.82404  53.52755 
  0.00020   0.00036  19.79423  53.52755 
  0.00020   0.00040  19.70275  53.52755 
  0.00020   0.00044  19.81147  53.52755 
  0.00020   0.00048  20.02877  53.52755 
  0.00020   0.00052  20.28502  53.52755 
  0.00020   0.00056  20.09866  53.52755 
  0.00020   0.00060  19.87668  53.52755 
  0.00020   0.00064  19.92665  53.52755 
  0.00020   0.00068  19.61486  53.52755 
  0.00020   0.00072  19.35945  53.52755 
  0.00020   0.00076  19.62667  53.52755 
  0.00020   0.00080  19.57883  53.52755 
  0.00020   0.00084  20.24511  53.52755 
  0.00020   0.00088  20.11669  53.52755 
  0.00020   0.00092  20.23574  53.52755 
  0.00024   0.00004  20.92042  49.14694 
  0.00024   0.00008  19.06791  49.14694 
  0.00024   0.00012  20.30861  49.14694 
  0.00024   0.00016  18.59781  49.14694 
  0.00024   0.00020  19.68704  49.14694 
  0.00024   0.00024  19.51812  49.14694 
  0.00024   0.00028  19.07296  49.14694 
  0.00024   0.00032  20.93510  49.14694 
  0.00024   0.00036  19.68716  49.14694 
  0.00024   0.00040  19.07035  49.14694 
  0.00024   0.00044  20.31019  49.14694 
  0.00024   0.00048  21.94155  49.14694 
  0.00024   0.00052  20.07942  49.14694 
  0.00024   0.00056  21.32736  49.14694 
  0.00024   0.00060  22.54024  49.14694 
  0.00024   0.00064  20.70433  49.14694 
  0.00024   0.00068  21.94155  49.14694 
  0.00024   0.00072  19.51812  49.14694 
  0.00024   0.00076  19.45885  49.14694 
  0.00024   0.00080  21.32736  49.14694 
  0.00024   0.00084  20.07941  49.14694 
  0.00024   0.00088  21.94150  49.14694 
  0.00024   0.00092  20.70413  49.14694 
  0.00028   0.00004  19.56521  43.55206 
  0.00028   0.00008  19.47074  43.55206 
  0.00028   0.00012  19.78944  43.55206 
  0.00028   0.00016  19.84766  43.55206 
  0.00028   0.00020  20.13917  43.55206 
  0.00028   0.00024  22.05708  43.55206 
  0.00028   0.00028  20.36282  43.55206 
  0.00028   0.00032  20.03862  43.55206 
  0.00028   0.00036  19.96225  43.55206 
  0.00028   0.00040  19.79537  43.55206 
  0.00028   0.00044  19.68447  43.55206 
  0.00028   0.00048  21.22829  43.55206 
  0.00028   0.00052  21.69287  43.55206 
  0.00028   0.00056  21.50082  43.55206 
  0.00028   0.00060  21.73669  43.55206 
  0.00028   0.00064  22.26993  43.55206 
  0.00028   0.00068  22.54631  43.55206 
  0.00028   0.00072  21.83576  43.55206 
  0.00028   0.00076  22.62276  43.55206 
  0.00028   0.00080  22.06570  43.55206 
  0.00028   0.00084  21.79906  43.55206 
  0.00028   0.00088  21.94697  43.55206 
  0.00028   0.00092  21.60863  43.55206 
  0.00032   0.00004  18.77415  37.10803 
  0.00032   0.00008  18.81476  37.10803 
  0.00032   0.00012  18.61260  37.10803 
  0.00032   0.00016  19.25764  37.10803 
  0.00032   0.00020  19.62239  37.10803 
  0.00032   0.00024  18.97376  37.10803 
  0.00032   0.00028  19.50156  37.10803 
  0.00032   0.00032  19.28987  37.10803 
  0.00032   0.00036  19.31260  37.10803 
  0.00032   0.00040  18.92248  37.10803 
  0.00032   0.00044  19.31054  37.10803 
  0.00032   0.00048  21.52761  37.10803 
  0.00032   0.00052  21.92549  37.10803 
  0.00032   0.00056  21.92671  37.10803 
  0.00032   0.00060  22.11798  37.10803 
  0.00032   0.00064  22.37027  37.10803 
  0.00032   0.00068  22.87395  37.10803 
  0.00032   0.00072  23.74197  37.10803 
  0.00032   0.00076  23.08096  37.10803 
  0.00032   0.00080  22.60931  37.10803 
  0.00032   0.00084  22.45732  37.10803 
  0.00032   0.00088  22.13730  37.10803 
  0.00032   0.00092  21.45096  37.10803 
  0.00036   0.00004  17.72532  30.23943 
  0.00036   0.00008  18.33341  30.23943 
  0.00036   0.00012  18.02937  30.23943 
  0.00036   0.00016  17.97872  30.23943 
  0.00036   0.00020  17.84066  30.23943 
  0.00036   0.00024  19.69930  30.23943 
  0.00036   0.00028  18.28259  30.23943 
  0.00036   0.00032  18.11080  30.23943 
  0.00036   0.00036  17.79262  30.23943 
  0.00036   0.00040  18.32615  30.23943 
  0.00036   0.00044  17.79521  30.23943 
  0.00036   0.00048  21.12290  30.23943 
  0.00036   0.00052  21.55578  30.23943 
  0.00036   0.00056  22.20548  30.23943 
  0.00036   0.00060  21.97253  30.23943 
  0.00036   0.00064  22.36998  30.23943 
  0.00036   0.00068  22.32061  30.23943 
  0.00036   0.00072  21.24864  30.23943 
  0.00036   0.00076  22.38003  30.23943 
  0.00036   0.00080  22.38954  30.23943 
  0.00036   0.00084  22.21726  30.23943 
  0.00036   0.00088  21.22346  30.23943 
  0.00036   0.00092  21.57503  30.23943 
  0.00040   0.00004  16.57896  22.76944 
  0.00040   0.00008  16.18744  22.76944 
  0.00040   0.00012  16.03727  22.76944 
  0.00040   0.00016  16.16443  22.76944 
  0.00040   0.00020  16.38987  22.76944 
  0.00040   0.00024  16.59472  22.76944 
  0.00040   0.00028  16.45978  22.76944 
  0.00040   0.00032  16.32773  22.76944 
  0.00040   0.00036  16.47115  22.76944 
  0.00040   0.00040  16.34318  22.76944 
  0.00040   0.00044  16.52079  22.76944 
  0.00040   0.00048  20.70939  22.76944 
  0.00040   0.00052  20.48003  22.76944 
  0.00040   0.00056  21.11616  22.76944 
  0.00040   0.00060  21.15673  22.76944 
  0.00040   0.00064  21.26366  22.76944 
  0.00040   0.00068  21.54180  22.76944 
  0.00040   0.00072  21.48057  22.76944 
  0.00040   0.00076  21.59972  22.76944 
  0.00040   0.00080  21.36628  22.76944 
  0.00040   0.00084  21.33309  22.76944 
  0.00040   0.00088  21.10536  22.76944 
  0.00040   0.00092  20.63672  22.76944 
  0.00044   0.00004  14.39187  15.34273 
  0.00044   0.00008  14.48865  15.34273 
  0.00044   0.00012  14.39318  15.34273 
  0.00044   0.00016  14.56179  15.34273 
  0.00044   0.00020  14.27606  15.34273 
  0.00044   0.00024  13.85519  15.34273 
  0.00044   0.00028  14.23834  15.34273 
  0.00044   0.00032  14.54138  15.34273 
  0.00044   0.00036  14.63876  15.34273 
  0.00044   0.00040  14.42597  15.34273 
  0.00044   0.00044  14.67700  15.34273 
  0.00044   0.00048  19.46151  15.34273 
  0.00044   0.00052  19.73285  15.34273 
  0.00044   0.00056  19.66968  15.34273 
  0.00044   0.00060  20.01430  15.34273 
  0.00044   0.00064  20.18360  15.34273 
  0.00044   0.00068  20.51013  15.34273 
  0.00044   0.00072  20.92975  15.34273 
  0.00044   0.00076  20.31213  15.34273 
  0.00044   0.00080  20.25908  15.34273 
  0.00044   0.00084  19.96572  15.34273 
  0.00044   0.00088  19.81596  15.34273 
  0.00044   0.00092  19.55421  15.34273 
  0.00048   0.00004  17.90344   8.00257 
  0.00048   0.00008  18.07211   8.00257 
  0.00048   0.00012  18.24135   8.00257 
  0.00048   0.00016  18.39106   8.00257 
  0.00048   0.00020  18.35966   8.00257 
  0.00048   0.00024  18.23110   8.00257 
  0.00048   0.00028  18.37985   8.00257 
  0.00048   0.00032  18.44119   8.00257 
  0.00048   0.00036  18.31232   8.00257 
  0.00048   0.00040  18.24348   8.00257 
  0.00048   0.00044  17.97995   8.00257 
  0.00048   0.00048  12.88070   8.00257 
  0.00048   0.00052  12.74182   8.00257 
  0.00048   0.00056  12.70102   8.00257 
  0.00048   0.00060  12.55814   8.00257 
  0.00048   0.00064  12.48680   8.00257 
  0.00048   0.00068  12.62351   8.00257 
  0.00048   0.00072  12.78663   8.00257 
  0.00048   0.00076  12.60948   8.00257 
  0.00048   0.00080  12.54153   8.00257 
  0.00048   0.00084  12.66904   8.00257 
  0.00048   0.00088  12.68706   8.00257 
  0.00048   0.00092  12.76699   8.00257 
  0.00052   0.00004  15.71996   1.22797 
  0.00052   0.00008  15.92106   1.22797 
  0.00052   0.00012  16.09748   1.22797 
  0.00052   0.00016  16.29088   1.22797 
  0.00052   0.00020  16.47609   1.22797 
  0.00052   0.00024  16.51940   1.22797 
  0.00052   0.00028  16.49985   1.22797 
  0.00052   0.00032  16.29975   1.22797 
  0.00052   0.00036  16.12602   1.22797 
  0.00052   0.00040  15.88758   1.22797 
  0.00052   0.00044  15.93706   1.22797 
  0.00052   0.00048  11.13353   1.22797 
  0.00052   0.00052  11.07355   1.22797 
  0.00052   0.00056  10.79944   1.22797 
  0.00052   0.00060  10.74827   1.22797 
  0.00052   0.00064  10.63673   1.22797 
  0.00052   0.00068  10.45221   1.22797 
  0.00052   0.00072  10.43625   1.22797 
  0.00052   0.00076  10.48112   1.22797 
  0.00052   0.00080  10.63317   1.22797 
  0.00052   0.00084  10.70560   1.22797 
  0.00052   0.00088  10.92534   1.22797 
  0.00052   0.00092  10.94323   1.22797 
  0.00056   0.00004  13.46714  -5.26386 
  0.00056   0.00008  13.67680  -5.26386 
  0.00056   0.00012  13.72045  -5.26386 
  0.00056   0.00016  13.95627  -5.26386 
  0.00056   0.00020  13.93248  -5.26386 
  0.00056   0.00024  14.18462  -5.26386 
  0.00056   0.00028  14.05583  -5.26386 
  0.00056   0.00032  13.89666  -5.26386 
  0.00056   0.00036  13.68507  -5.26386 
  0.00056   0.00040  13.72001  -5.26386 
  0.00056   0.00044  13.47602  -5.26386 
  0.00056   0.00048   9.74232  -5.26386 
  0.00056   0.00052   9.54250  -5.26386 
  0.00056   0.00056   9.33130  -5.26386 
  0.00056   0.00060   9.11146  -5.26386 
  0.00056   0.00064   9.04919  -5.26386 
  0.00056   0.00068   8.78824  -5.26386 
  0.00056   0.00072   8.42850  -5.26386 
  0.00056   0.00076   8.81785  -5.26386 
  0.00056   0.00080   8.98481  -5.26386 
  0.00056   0.00084   9.16198  -5.26386 
  0.00056   0.00088   9.30881  -5.26386 
  0.00056   0.00092   9.60595  -5.26386 
  0.00060   0.00004  11.31686 -10.27188 
  0.00060   0.00008  11.08500 -10.27188 
  0.00060   0.00012  11.25608 -10.27188 
  0.00060   0.00016  11.35504 -10.27188 
  0.00060   0.00020  11.53213 -10.27188 
  0.00060   0.00024  11.75927 -10.27188 
  0.00060   0.00028  11.47761 -10.27188 
  0.00060   0.00032  11.33025 -10.27188 
  0.00060   0.00036  11.31485 -10.27188 
  0.00060   0.00040  10.88835 -10.27188 
  0.00060   0.00044  11.40245 -10.27188 
  0.00060   0.00048   8.36075 -10.27188 
  0.00060   0.00052   8.22871 -10.27188 
  0.00060   0.00056   8.23764 -10.27188 
  0.00060   0.00060   7.94708 -10.27188 
  0.00060   0.00064   7.91495 -10.27188 
  0.00060   0.00068   7.47376 -10.27188 
  0.00060   0.00072   7.10088 -10.27188 
  0.00060   0.00076   7.53664 -10.27188 
  0.00060   0.00080   7.68779 -10.27188 
  0.00060   0.00084   8.05509 -10.27188 
  0.00060   0.00088   8.36882 -10.27188 
  0.00060   0.00092   8.20064 -10.27188 
  0.00064   0.00004   9.42382 -14.62189 
  0.00064   0.00008   9.23433 -14.62189 
  0.00064   0.00012   9.34672 -14.62189 
  0.00064   0.00016   9.10058 -14.62189 
  0.00064   0.00020   8.78172 -14.62189 
  0.00064   0.00024   7.92585 -14.62189 
  0.00064   0.00028   9.02766 -14.62189 
  0.00064   0.00032   8.95650 -14.62189 
  0.00064   0.00036   9.33394 -14.62189 
  0.00064   0.00040   9.18391 -14.62189 
  0.00064   0.00044   9.28946 -14.62189 
  0.00064   0.00048   7.32920 -14.62189 
  0.00064   0.00052   7.15753 -14.62189 
  0.00064   0.00056   7.16890 -14.62189 
  0.00064   0.00060   7.33454 -14.62189 
  0.00064   0.00064   6.83137 -14.62189 
  0.00064   0.00068   6.54972 -14.62189 
  0.00064   0.00072   7.39274 -14.62189 
  0.00064   0.00076   6.63532 -14.62189 
  0.00064   0.00080   6.91803 -14.62189 
  0.00064   0.00084   7.05468 -14.62189 
  0.00064   0.00088   7.23319 -14.62189 
  0.00064   0.00092   7.33407 -14.62189 
  0.00068   0.00004   7.67827 -17.65589 
  0.00068   0.00008   7.54055 -17.65589 
  0.00068   0.00012   7.54883 -17.65589 
  0.00068   0.00016   7.38209 -17.65589 
  0.00068   0.00020   7.05142 -17.65589 
  0.00068   0.00024   7.23988 -17.65589 
  0.00068   0.00028   7.16312 -17.65589 
  0.00068   0.00032   7.50050 -17.65589 
  0.00068   0.00036   7.68916 -17.65589 
  0.00068   0.00040   7.76127 -17.65589 
  0.00068   0.00044   7.68024 -17.65589 
  0.00068   0.00048   6.32293 -17.65589 
  0.00068   0.00052   6.50367 -17.65589 
  0.00068   0.00056   6.36865 -17.65589 
  0.00068   0.00060   6.30311 -17.65589 
  0.00068   0.00064   6.35292 -17.65589 
  0.00068   0.00068   5.97602 -17.65589 
  0.00068   0.00072   5.13492 -17.65589 
  0.00068   0.00076   5.99720 -17.65589 
  0.00068   0.00080   6.20581 -17.65589 
  0.00068   0.00084   6.32439 -17.65589 
  0.00068   0.00088   6.56734 -17.65589 
  0.00068   0.00092   6.52646 -17.65589 
  0.00072   0.00004   5.85446 -19.17588 
  0.00072   0.00008   6.37019 -19.17588 
  0.00072   0.00012   6.87417 -19.17588 
  0.00072   0.00016   6.12080 -19.17588 
  0.00072   0.00020   6.62784 -19.17588 
  0.00072   0.00024   7.08203 -19.17588 
  0.00072   0.00028   6.37550 -19.17588 
  0.00072   0.00032   5.86607 -19.17588 
  0.00072   0.00036   6.62803 -19.17588 
  0.00072   0.00040   6.12143 -19.17588 
  0.00072   0.00044   6.87604 -19.17588 
  0.00072   0.00048   5.93412 -19.17588 
  0.00072   0.00052   6.44081 -19.17588 
  0.00072   0.00056   5.68160 -19.17588 
  0.00072   0.00060   6.18820 -19.17588 
  0.00072   0.00064   5.43359 -19.17588 
  0.00072   0.00068   5.93412 -19.17588 
  0.00072   0.00072   7.08203 -19.17588 
  0.00072   0.00076   6.18820 -19.17588 
  0.00072   0.00080   5.68159 -19.17588 
  0.00072   0.00084   6.44080 -19.17588 
  0.00072   0.00088   5.93406 -19.17588 
  0.00072   0.00092   5.43339 -19.17588 
  0.00076   0.00004   5.58385 -19.93887 
  0.00076   0.00008   5.81385 -19.93887 
  0.00076   0.00012   5.74781 -19.93887 
  0.00076   0.00016   5.72759 -19.93887 
  0.00076   0.00020   5.89921 -19.93887 
  0.00076   0.00024   6.22317 -19.93887 
  0.00076   0.00028   6.18088 -19.93887 
  0.00076   0.00032   5.92415 -19.93887 
  0.00076   0.00036   5.76443 -19.93887 
  0.00076   0.00040   5.53820 -19.93887 
  0.00076   0.00044   5.46473 -19.93887 
  0.00076   0.00048   5.01594 -19.93887 
  0.00076   0.00052   5.25411 -19.93887 
  0.00076   0.00056   5.13093 -19.93887 
  0.00076   0.00060   5.38440 -19.93887 
  0.00076   0.00064   5.59718 -19.93887 
  0.00076   0.00068   5.51323 -19.93887 
  0.00076   0.00072   6.22317 -19.93887 
  0.00076   0.00076   5.68236 -19.93887 
  0.00076   0.00080   5.41388 -19.93887 
  0.00076   0.00084   5.43073 -19.93887 
  0.00076   0.00088   5.10897 -19.93887 
  0.00076   0.00092   5.37956 -19.93887 
  0.00080   0.00004   4.83582 -18.35616 
  0.00080   0.00008   5.12110 -18.35616 
  0.00080   0.00012   4.99175 -18.35616 
  0.00080   0.00016   5.18362 -18.35616 
  0.00080   0.00020   5.32740 -18.35616 
  0.00080   0.00024   5.53976 -18.35616 
  0.00080   0.00028   5.39326 -18.35616 
  0.00080   0.00032   5.11617 -18.35616 
  0.00080   0.00036   5.13463 -18.35616 
  0.00080   0.00040   5.00997 -18.35616 
  0.00080   0.00044   4.85440 -18.35616 
  0.00080   0.00048   4.67990 -18.35616 
  0.00080   0.00052   4.90330 -18.35616 
  0.00080   0.00056   4.80727 -18.35616 
  0.00080   0.00060   5.10492 -18.35616 
  0.00080   0.00064   5.13057 -18.35616 
  0.00080   0.00068   5.20493 -18.35616 
  0.00080   0.00072   5.53976 -18.35616 
  0.00080   0.00076   5.16358 -18.35616 
  0.00080   0.00080   5.14554 -18.35616 
  0.00080   0.00084   4.71287 -18.35616 
  0.00080   0.00088   4.74637 -18.35616 
  0.00080   0.00092   4.88746 -18.35616 
  0.00084   0.00004   4.41446 -16.04320 
  0.00084   0.00008   4.30090 -16.04320 
  0.00084   0.00012   4.60480 -16.04320 
  0.00084   0.00016   4.79093 -16.04320 
  0.00084   0.00020   4.85429 -16.04320 
  0.00084   0.00024   5.04031 -16.04320 
  0.00084   0.00028   4.73538 -16.04320 
  0.00084   0.00032   4.76570 -16.04320 
  0.00084   0.00036   4.55768 -16.04320 
  0.00084   0.00040   4.75232 -16.04320 
  0.00084   0.00044   4.44654 -16.04320 
  0.00084   0.00048   4.42141 -16.04320 
  0.00084   0.00052   4.55681 -16.04320 
  0.00084   0.00056   4.50983 -16.04320 
  0.00084   0.00060   4.72556 -16.04320 
  0.00084   0.00064   4.84586 -16.04320 
  0.00084   0.00068   4.94503 -16.04320 
  0.00084   0.00072   5.04031 -16.04320 
  0.00084   0.00076   4.80816 -16.04320 
  0.00084   0.00080   4.68300 -16.04320 
  0.00084   0.00084   4.68409 -16.04320 
  0.00084   0.00088   4.81091 -16.04320 
  0.00084   0.00092   4.52588 -16.04320 
  0.00088   0.00004   4.22928 -12.26972 
  0.00088   0.00008   4.25777 -12.26972 
  0.00088   0.00012   4.32642 -12.26972 
  0.00088   0.00016   4.51452 -12.26972 
  0.00088   0.00020   4.46123 -12.26972 
  0.00088   0.00024   4.72932 -12.26972 
  0.00088   0.00028   4.56444 -12.26972 
  0.00088   0.00032   4.30581 -12.26972 
  0.00088   0.00036   4.27212 -12.26972 
  0.00088   0.00040   4.31075 -12.26972 
  0.00088   0.00044   4.22612 -12.26972 
  0.00088   0.00048   4.18511 -12.26972 
  0.00088   0.00052   4.30594 -12.26972 
  0.00088   0.00056   4.35044 -12.26972 
  0.00088   0.00060   4.62555 -12.26972 
  0.00088   0.00064   4.60351 -12.26972 
  0.00088   0.00068   4.53620 -12.26972 
  0.00088   0.00072   4.72932 -12.26972 
  0.00088   0.00076   4.61988 -12.26972 
  0.00088   0.00080   4.51691 -12.26972 
  0.00088   0.00084   4.42509 -12.26972 
  0.00088   0.00088   4.41217 -12.26972 
  0.00088   0.00092   4.30960 -12.26972 
  0.00092   0.00004   4.03545  -7.28198 
  0.00092   0.00008   4.10769  -7.28198 
  0.00092   0.00012   4.26640  -7.28198 
  0.00092   0.00016   4.26615  -7.28198 
  0.00092   0.00020   4.22291  -7.28198 
  0.00092   0.00024   4.60936  -7.28198 
  0.00092   0.00028   4.35287  -7.28198 
  0.00092   0.00032   4.24135  -7.28198 
  0.00092   0.00036   4.13611  -7.28198 
  0.00092   0.00040   4.33145  -7.28198 
  0.00092   0.00044   4.16646  -7.28198 
  0.00092   0.00048   4.44928  -7.28198 
  0.00092   0.00052   4.40950  -7.28198 
  0.00092   0.00056   4.37670  -7.28198 
  0.00092   0.00060   4.49846  -7.28198 
  0.00092   0.00064   4.52876  -7.28198 
  0.00092   0.00068   4.54392  -7.28198 
  0.00092   0.00072   4.60936  -7.28198 
  0.00092   0.00076   4.37942  -7.28198 
  0.00092   0.00080   4.48302  -7.28198 
  0.00092   0.00084   4.31837  -7.28198 
  0.00092   0.00088   4.45898  -7.28198 
  0.00092   0.00092   4.27871  -7.28198 
  0.00096   0.00004   4.47268  -1.68710 
  0.00096   0.00008   4.46472  -1.68710 
  0.00096   0.00012   4.57933  -1.68710 
  0.00096   0.00016   4.55682  -1.68710 
  0.00096   0.00020   4.92052  -1.68710 
  0.00096   0.00024   4.42301  -1.68710 
  0.00096   0.00028   4.54330  -1.68710 
  0.00096   0.00032   4.66493  -1.68710 
  0.00096   0.00036   4.46645  -1.68710 
  0.00096   0.00040   4.69920  -1.68710 
  0.00096   0.00044   4.66889  -1.68710 
  0.00096   0.00048   4.16255  -1.68710 
  0.00096   0.00052   4.24500  -1.68710 
  0.00096   0.00056   4.24280  -1.68710 
  0.00096   0.00060   4.25688  -1.68710 
  0.00096   0.00064   4.31847  -1.68710 
  0.00096   0.00068   4.30978  -1.68710 
  0.00096   0.00072   4.42301  -1.68710 
  0.00096   0.00076   4.70431  -1.68710 
  0.00096   0.00080   4.36350  -1.68710 
  0.00096   0.00084   4.26321  -1.68710 
  0.00096   0.00088   4.35987  -1.68710 
  0.00096   0.00092   4.04887  -1.68710 
  0.00100   0.00004   4.97467   5.18150 
  0.00100   0.00008   4.83336   5.18150 
  0.00100   0.00012   5.01280   5.18150 
  0.00100   0.00016   4.91126   5.18150 
  0.00100   0.00020   5.14508   5.18150 
  0.00100   0.00024   4.73231   5.18150 
  0.00100   0.00028   4.92441   5.18150 
  0.00100   0.00032   4.97841   5.18150 
  0.00100   0.00036   4.95522   5.18150 
  0.00100   0.00040   5.04017   5.18150 
  0.00100   0.00044   4.92607   5.18150 
  0.00100   0.00048   4.22623   5.18150 
  0.00100   0.00052   4.21264   5.18150 
  0.00100   0.00056   4.31969   5.18150 
  0.00100   0.00060   4.56438   5.18150 
  0.00100   0.00064   4.59034   5.18150 
  0.00100   0.00068   4.72543   5.18150 
  0.00100   0.00072   4.73231   5.18150 
  0.00100   0.00076   4.92974   5.18150 
  0.00100   0.00080   4.66108   5.18150 
  0.00100   0.00084   4.47254   5.18150 
  0.00100   0.00088   4.47955   5.18150 
  0.00100   0.00092   4.26138   5.18150 
  0.00104   0.00004   5.52670  12.25057 
  0.00104   0.00008   5.44686  12.25057 
  0.00104   0.00012   5.50283  12.25057 
  0.00104   0.00016   5.52827  12.25057 
  0.00104   0.00020   5.55859  12.25057 
  0.00104   0.00024   5.24788  12.25057 
  0.00104   0.00028   5.49085  12.25057 
  0.00104   0.00032   5.52247  12.25057 
  0.00104   0.00036   5.36641  12.25057 
  0.00104   0.00040   5.45310  12.25057 
  0.00104   0.00044   5.32678  12.25057 
  0.00104   0.00048   4.32033  12.25057 
  0.00104   0.00052   4.49917  12.25057 
  0.00104   0.00056   4.78184  12.25057 
  0.00104   0.00060   4.87665  12.25057 
  0.00104   0.00064   5.09446  12.25057 
  0.00104   0.00068   5.12022  12.25057 
  0.00104   0.00072   5.24788  12.25057 
  0.00104   0.00076   5.34539  12.25057 
  0.00104   0.00080   4.99320  12.25057 
  0.00104   0.00084   4.71278  12.25057 
  0.00104   0.00088   4.72116  12.25057 
  0.00104   0.00092   4.69930  12.25057 
  0.00108   0.00004   6.24139  19.72056 
  0.00108   0.00008   6.12312  19.72056 
  0.00108   0.00012   6.13176  19.72056 
  0.00108   0.00016   6.26493  19.72056 
  0.00108   0.00020   6.28759  19.72056 
  0.00108   0.00024   5.96651  19.72056 
  0.00108   0.00028   6.08445  19.72056 
  0.00108   0.00032   6.22755  19.72056 
  0.00108   0.00036   6.21666  19.72056 
  0.00108   0.00040   6.23692  19.72056 
  0.00108   0.00044   6.03960  19.72056 
  0.00108   0.00048   5.02795  19.72056 
  0.00108   0.00052   4.98892  19.72056 
  0.00108   0.00056   5.08343  19.72056 
  0.00108   0.00060   5.37801  19.72056 
  0.00108   0.00064   5.56778  19.72056 
  0.00108   0.00068   5.86758  19.72056 
  0.00108   0.00072   5.96651  19.72056 
  0.00108   0.00076   5.89808  19.72056 
  0.00108   0.00080   5.45804  19.72056 
  0.00108   0.00084   5.35231  19.72056 
  0.00108   0.00088   5.25480  19.72056 
  0.00108   0.00092   5.19099  19.72056 
  0.00112   0.00004   7.13883  27.10399 
  0.00112   0.00008   7.14863  27.10399 
  0.00112   0.00012   7.23895  27.10399 
  0.00112   0.00016   7.10652  27.10399 
  0.00112   0.00020   7.23007  27.10399 
  0.00112   0.00024   6.87841  27.10399 
  0.00112   0.00028   7.19167  27.10399 
  0.00112   0.00032   7.23142  27.10399 
  0.00112   0.00036   7.16004  27.10399 
  0.00112   0.00040   7.30032  27.10399 
  0.00112   0.00044   7.24329  27.10399 
  0.00112   0.00048   5.44280  27.10399 
  0.00112   0.00052   5.66510  27.10399 
  0.00112   0.00056   5.64730  27.10399 
  0.00112   0.00060   5.65233  27.10399 
  0.00112   0.00064   6.18227  27.10399 
  0.00112   0.00068   6.43774  27.10399 
  0.00112   0.00072   6.87841  27.10399 
  0.00112   0.00076   6.50052  27.10399 
  0.00112   0.00080   6.20712  27.10399 
  0.00112   0.00084   6.03741  27.10399 
  0.00112   0.00088   5.78335  27.10399 
  0.00112   0.00092   5.56093  27.10399 
  0.00116   0.00004   8.51972  34.44415 
  0.00116   0.00008   8.32748  34.44415 
  0.00116   0.00012   8.54543  34.44415 
  0.00116   0.00016   8.51123  34.44415 
  0.00116   0.00020   8.51018  34.44415 
  0.00116   0.00024   7.96433  34.44415 
  0.00116   0.00028   8.28086  34.44415 
  0.00116   0.00032   8.45092  34.44415 
  0.00116   0.00036   8.31082  34.44415 
  0.00116   0.00040   8.32374  34.44415 
  0.00116   0.00044   8.61453  34.44415 
  0.00116   0.00048   6.50066  34.44415 
  0.00116   0.00052   6.24753  34.44415 
  0.00116   0.00056   6.48876  34.44415 
  0.00116   0.00060   6.59284  34.44415 
  0.00116   0.00064   6.62631  34.44415 
  0.00116   0.00068   7.22491  34.44415 
  0.00116   0.00072   7.96433  34.44415 
  0.00116   0.00076   7.04718  34.44415 
  0.00116   0.00080   6.64355  34.44415 
  0.00116   0.00084   6.45473  34.44415 
  0.00116   0.00088   6.51329  34.44415 
  0.00116   0.00092   6.15275  34.44415 
  0.00120   0.00004   9.79536  40.93597 
  0.00120   0.00008   9.96535  40.93597 
  0.00120   0.00012  10.24443  40.93597 
  0.00120   0.00016   9.88776  40.93597 
  0.00120   0.00020  10.02868  40.93597 
  0.00120   0.00024   9.19323  40.93597 
  0.00120   0.00028   9.96550  40.93597 
  0.00120   0.00032   9.79605  40.93597 
  0.00120   0.00036  10.02869  40.93597 
  0.00120   0.00040   9.88778  40.93597 
  0.00120   0.00044   9.84180  40.93597 
  0.00120   0.00048   7.19875  40.93597 
  0.00120   0.00052   7.36821  40.93597 
  0.00120   0.00056   7.13557  40.93597 
  0.00120   0.00060   7.27648  40.93597 
  0.00120   0.00064   7.08706  40.93597 
  0.00120   0.00068   7.19875  40.93597 
  0.00120   0.00072   9.19323  40.93597 
  0.00120   0.00076   7.27648  40.93597 
  0.00120   0.00080   7.13556  40.93597 
  0.00120   0.00084   7.36814  40.93597 
  0.00120   0.00088   7.19851  40.93597 
  0.00120   0.00092   7.08624  40.93597 
  0.00124   0.00004  11.73006  46.93320 
  0.00124   0.00008  11.79011  46.93320 
  0.00124   0.00012  11.81201  46.93320 
  0.00124   0.00016  11.82139  46.93320 
  0.00124   0.00020  12.04103  46.93320 
  0.00124   0.00024  11.96533  46.93320 
  0.00124   0.00028  11.89546  46.93320 
  0.00124   0.00032  11.81955  46.93320 
  0.00124   0.00036  11.64101  46.93320 
  0.00124   0.00040  11.67777  46.93320 
  0.00124   0.00044  11.67059  46.93320 
  0.00124   0.00048   8.47471  46.93320 
  0.00124   0.00052   8.30567  46.93320 
  0.00124   0.00056   8.26901  46.93320 
  0.00124   0.00060   8.20851  46.93320 
  0.00124   0.00064   8.05901  46.93320 
  0.00124   0.00068   7.60361  46.93320 
  0.00124   0.00072   7.17326  46.93320 
  0.00124   0.00076   7.43674  46.93320 
  0.00124   0.00080   7.89667  46.93320 
  0.00124   0.00084   8.22126  46.93320 
  0.00124   0.00088   8.20261  46.93320 
  0.00124   0.00092   8.36522  46.93320 
  0.00128   0.00004  13.61077  51.94122 
  0.00128   0.00008  13.45779  51.94122 
  0.00128   0.00012  13.43424  51.94122 
  0.00128   0.00016  13.96529  51.94122 
  0.00128   0.00020  14.04548  51.94122 
  0.00128   0.00024  14.86486  51.94122 
  0.00128   0.00028  14.04599  51.94122 
  0.00128   0.00032  13.80394  51.94122 
  0.00128   0.00036  13.90744  51.94122 
  0.00128   0.00040  13.62448  51.94122 
  0.00128   0.00044  13.40968  51.94122 
  0.00128   0.00048   9.84904  51.94122 
  0.00128   0.00052   9.74925  51.94122 
  0.00128   0.00056   9.69999  51.94122 
  0.00128   0.00060   9.53985  51.94122 
  0.00128   0.00064   9.28656  51.94122 
  0.00128   0.00068   9.16568  51.94122 
  0.00128   0.00072   8.32193  51.94122 
  0.00128   0.00076   8.94330  51.94122 
  0.00128   0.00080   9.35790  51.94122 
  0.00128   0.00084   9.78521  51.94122 
  0.00128   0.00088   9.88083  51.94122 
  0.00128   0.00092   9.95169  51.94122 
  0.00132   0.00004  15.32674  55.63322 
  0.00132   0.00008  15.86082  55.63322 
  0.00132   0.00012  15.82051  55.63322 
  0.00132   0.00016  15.84900  55.63322 
  0.00132   0.00020  16.03918  55.63322 
  0.00132   0.00024  15.83696  55.63322 
  0.00132   0.00028  15.95434  55.63322 
  0.00132   0.00032  15.98759  55.63322 
  0.00132   0.00036  15.65613  55.63322 
  0.00132   0.00040  15.64456  55.63322 
  0.00132   0.00044  15.28625  55.63322 
  0.00132   0.00048  11.85483  55.63322 
  0.00132   0.00052  11.65864  55.63322 
  0.00132   0.00056  12.12971  55.63322 
  0.00132   0.00060  11.34412  55.63322 
  0.00132   0.00064  11.34448  55.63322 
  0.00132   0.00068  11.29339  55.63322 
  0.00132   0.00072  11.44546  55.63322 
  0.00132   0.00076  11.38175  55.63322 
  0.00132   0.00080  11.38995  55.63322 
  0.00132   0.00084  11.49586  55.63322 
  0.00132   0.00088  11.17134  55.63322 
  0.00132   0.00092  11.70950  55.63322 
  0.00136   0.00004  17.20399  58.66722 
  0.00136   0.00008  16.98228  58.66722 
  0.00136   0.00012  17.28764  58.66722 
  0.00136   0.00016  17.66268  58.66722 
  0.00136   0.00020  17.46879  58.66722 
  0.00136   0.00024  15.95585  58.66722 
  0.00136   0.00028  17.38160  58.66722 
  0.00136   0.00032  17.60764  58.66722 
  0.00136   0.00036  17.08209  58.66722 
  0.00136   0.00040  17.37450  58.66722 
  0.00136   0.00044  16.94332  58.66722 
  0.00136   0.00048  13.96584  58.66722 
  0.00136   0.00052  13.46413  58.66722 
  0.00136   0.00056  13.57000  58.66722 
  0.00136   0.00060  13.19999  58.66722 
  0.00136   0.00064  13.61258  58.66722 
  0.00136   0.00068  13.78208  58.66722 
  0.00136   0.00072  15.22778  58.66722 
  0.00136   0.00076  13.37682  58.66722 
  0.00136   0.00080  13.58439  58.66722 
  0.00136   0.00084  13.41012  58.66722 
  0.00136   0.00088  13.80107  58.66722 
  0.00136   0.00092  13.75145  58.66722 
  0.00140   0.00004  18.40253  59.43021 
  0.00140   0.00008  18.88625  59.43021 
  0.00140   0.00012  19.09973  59.43021 
  0.00140   0.00016  19.21071  59.43021 
  0.00140   0.00020  19.18164  59.43021 
  0.00140   0.00024  19.56040  59.43021 
  0.00140   0.00028  19.35509  59.43021 
  0.00140   0.00032  19.07038  59.43021 
  0.00140   0.00036  18.94632  59.43021 
  0.00140   0.00040  18.92659  59.43021 
  0.00140   0.00044  18.58315  59.43021 
  0.00140   0.00048  16.01290  59.43021 
  0.00140   0.00052  15.74305  59.43021 
  0.00140   0.00056  15.72928  59.43021 
  0.00140   0.00060  15.48936  59.43021 
  0.00140   0.00064  15.73591  59.43021 
  0.00140   0.00068  15.39218  59.43021 
  0.00140   0.00072  15.22249  59.43021 
  0.00140   0.00076  15.39056  59.43021 
  0.00140   0.00080  15.87182  59.43021 
  0.00140   0.00084  15.70718  59.43021 
  0.00140   0.00088  15.42541  59.43021 
  0.00140   0.00092  15.61317  59.43021 
