ZONE T="Visual 17e.dat"
I= 23,J= 35,K=1,F=POINT
  0.00004   0.00004  12.86684  51.61885 
  0.00004   0.00008  12.63501  51.61885 
  0.00004   0.00012  12.79994  51.61885 
  0.00004   0.00016  12.51673  51.61885 
  0.00004   0.00020  12.16560  51.61885 
  0.00004   0.00024  12.42671  51.61885 
  0.00004   0.00028  12.76026  51.61885 
  0.00004   0.00032  12.50888  51.61885 
  0.00004   0.00036  12.93340  51.61885 
  0.00004   0.00040  12.81000  51.61885 
  0.00004   0.00044  12.87640  51.61885 
  0.00004   0.00048  11.80757  51.61885 
  0.00004   0.00052  11.76627  51.61885 
  0.00004   0.00056  11.60557  51.61885 
  0.00004   0.00060  12.02596  51.61885 
  0.00004   0.00064  12.04406  51.61885 
  0.00004   0.00068  11.74053  51.61885 
  0.00004   0.00072  12.42671  51.61885 
  0.00004   0.00076  11.70513  51.61885 
  0.00004   0.00080  12.04531  51.61885 
  0.00004   0.00084  11.83594  51.61885 
  0.00004   0.00088  11.96194  51.61885 
  0.00004   0.00092  11.75674  51.61885 
  0.00008   0.00004  13.57291  55.57034 
  0.00008   0.00008  13.73662  55.57034 
  0.00008   0.00012  13.96283  55.57034 
  0.00008   0.00016  13.42606  55.57034 
  0.00008   0.00020  13.07936  55.57034 
  0.00008   0.00024  13.27784  55.57034 
  0.00008   0.00028  13.63613  55.57034 
  0.00008   0.00032  13.29591  55.57034 
  0.00008   0.00036  13.52757  55.57034 
  0.00008   0.00040  13.72078  55.57034 
  0.00008   0.00044  14.06650  55.57034 
  0.00008   0.00048  12.19261  55.57034 
  0.00008   0.00052  12.81393  55.57034 
  0.00008   0.00056  12.61395  55.57034 
  0.00008   0.00060  12.86635  55.57034 
  0.00008   0.00064  12.72715  55.57034 
  0.00008   0.00068  12.48620  55.57034 
  0.00008   0.00072  13.27784  55.57034 
  0.00008   0.00076  12.63956  55.57034 
  0.00008   0.00080  12.61657  55.57034 
  0.00008   0.00084  12.58087  55.57034 
  0.00008   0.00088  12.58580  55.57034 
  0.00008   0.00092  12.32041  55.57034 
  0.00012   0.00004  14.72285  58.07750 
  0.00012   0.00008  14.43161  58.07750 
  0.00012   0.00012  14.50056  58.07750 
  0.00012   0.00016  14.13826  58.07750 
  0.00012   0.00020  13.99606  58.07750 
  0.00012   0.00024  14.03411  58.07750 
  0.00012   0.00028  14.01610  58.07750 
  0.00012   0.00032  14.00078  58.07750 
  0.00012   0.00036  14.59176  58.07750 
  0.00012   0.00040  14.92336  58.07750 
  0.00012   0.00044  14.55415  58.07750 
  0.00012   0.00048  13.56175  58.07750 
  0.00012   0.00052  13.30453  58.07750 
  0.00012   0.00056  13.00328  58.07750 
  0.00012   0.00060  13.27794  58.07750 
  0.00012   0.00064  13.38974  58.07750 
  0.00012   0.00068  13.56580  58.07750 
  0.00012   0.00072  14.03411  58.07750 
  0.00012   0.00076  13.60025  58.07750 
  0.00012   0.00080  13.77293  58.07750 
  0.00012   0.00084  13.26940  58.07750 
  0.00012   0.00088  13.50556  58.07750 
  0.00012   0.00092  13.47345  58.07750 
  0.00016   0.00004  15.59222  59.86250 
  0.00016   0.00008  15.54583  59.86250 
  0.00016   0.00012  15.43898  59.86250 
  0.00016   0.00016  15.10459  59.86250 
  0.00016   0.00020  14.84976  59.86250 
  0.00016   0.00024  14.66507  59.86250 
  0.00016   0.00028  14.88836  59.86250 
  0.00016   0.00032  14.73679  59.86250 
  0.00016   0.00036  14.87837  59.86250 
  0.00016   0.00040  15.24271  59.86250 
  0.00016   0.00044  15.04280  59.86250 
  0.00016   0.00048  13.87309  59.86250 
  0.00016   0.00052  13.91873  59.86250 
  0.00016   0.00056  14.00117  59.86250 
  0.00016   0.00060  14.09475  59.86250 
  0.00016   0.00064  13.87145  59.86250 
  0.00016   0.00068  14.56831  59.86250 
  0.00016   0.00072  14.66507  59.86250 
  0.00016   0.00076  14.43800  59.86250 
  0.00016   0.00080  14.15848  59.86250 
  0.00016   0.00084  14.33975  59.86250 
  0.00016   0.00088  13.86676  59.86250 
  0.00016   0.00092  14.46894  59.86250 
  0.00020   0.00004  15.73224  59.30630 
  0.00020   0.00008  15.81764  59.30630 
  0.00020   0.00012  15.69911  59.30630 
  0.00020   0.00016  15.66823  59.30630 
  0.00020   0.00020  15.04591  59.30630 
  0.00020   0.00024  15.14525  59.30630 
  0.00020   0.00028  15.06366  59.30630 
  0.00020   0.00032  15.75162  59.30630 
  0.00020   0.00036  15.77190  59.30630 
  0.00020   0.00040  15.74027  59.30630 
  0.00020   0.00044  15.73264  59.30630 
  0.00020   0.00048  14.70942  59.30630 
  0.00020   0.00052  15.05566  59.30630 
  0.00020   0.00056  14.91255  59.30630 
  0.00020   0.00060  14.86392  59.30630 
  0.00020   0.00064  14.90532  59.30630 
  0.00020   0.00068  14.97898  59.30630 
  0.00020   0.00072  15.14525  59.30630 
  0.00020   0.00076  14.92765  59.30630 
  0.00020   0.00080  14.66279  59.30630 
  0.00020   0.00084  15.10310  59.30630 
  0.00020   0.00088  14.90197  59.30630 
  0.00020   0.00092  15.05815  59.30630 
  0.00024   0.00004  16.95005  57.98783 
  0.00024   0.00008  15.25297  57.98783 
  0.00024   0.00012  16.39422  57.98783 
  0.00024   0.00016  14.94545  57.98783 
  0.00024   0.00020  15.82522  57.98783 
  0.00024   0.00024  15.45521  57.98783 
  0.00024   0.00028  15.25629  57.98783 
  0.00024   0.00032  16.95974  57.98783 
  0.00024   0.00036  15.82529  57.98783 
  0.00024   0.00040  15.04127  57.98783 
  0.00024   0.00044  16.39523  57.98783 
  0.00024   0.00048  16.54087  57.98783 
  0.00024   0.00052  14.83743  57.98783 
  0.00024   0.00056  15.97188  57.98783 
  0.00024   0.00060  17.10259  57.98783 
  0.00024   0.00064  15.40194  57.98783 
  0.00024   0.00068  16.54087  57.98783 
  0.00024   0.00072  15.45521  57.98783 
  0.00024   0.00076  14.28139  57.98783 
  0.00024   0.00080  15.97187  57.98783 
  0.00024   0.00084  14.83741  57.98783 
  0.00024   0.00088  16.54079  57.98783 
  0.00024   0.00092  15.40164  57.98783 
  0.00028   0.00004  15.98597  55.14486 
  0.00028   0.00008  15.89819  55.14486 
  0.00028   0.00012  16.16490  55.14486 
  0.00028   0.00016  16.23359  55.14486 
  0.00028   0.00020  16.47459  55.14486 
  0.00028   0.00024  18.29699  55.14486 
  0.00028   0.00028  16.63946  55.14486 
  0.00028   0.00032  16.36344  55.14486 
  0.00028   0.00036  16.34982  55.14486 
  0.00028   0.00040  16.22450  55.14486 
  0.00028   0.00044  16.11628  55.14486 
  0.00028   0.00048  16.01910  55.14486 
  0.00028   0.00052  16.43009  55.14486 
  0.00028   0.00056  16.19288  55.14486 
  0.00028   0.00060  16.37692  55.14486 
  0.00028   0.00064  16.74758  55.14486 
  0.00028   0.00068  16.75495  55.14486 
  0.00028   0.00072  15.67416  55.14486 
  0.00028   0.00076  16.77371  55.14486 
  0.00028   0.00080  16.52936  55.14486 
  0.00028   0.00084  16.37640  55.14486 
  0.00028   0.00088  16.61440  55.14486 
  0.00028   0.00092  16.32399  55.14486 
  0.00032   0.00004  15.62341  50.96290 
  0.00032   0.00008  15.59791  50.96290 
  0.00032   0.00012  15.40837  50.96290 
  0.00032   0.00016  16.08364  50.96290 
  0.00032   0.00020  16.41616  50.96290 
  0.00032   0.00024  15.72587  50.96290 
  0.00032   0.00028  16.27072  50.96290 
  0.00032   0.00032  16.05364  50.96290 
  0.00032   0.00036  16.03857  50.96290 
  0.00032   0.00040  15.76926  50.96290 
  0.00032   0.00044  16.06124  50.96290 
  0.00032   0.00048  16.67328  50.96290 
  0.00032   0.00052  16.96401  50.96290 
  0.00032   0.00056  16.86446  50.96290 
  0.00032   0.00060  16.90024  50.96290 
  0.00032   0.00064  17.02715  50.96290 
  0.00032   0.00068  17.35806  50.96290 
  0.00032   0.00072  18.11061  50.96290 
  0.00032   0.00076  17.58103  50.96290 
  0.00032   0.00080  17.29025  50.96290 
  0.00032   0.00084  17.26984  50.96290 
  0.00032   0.00088  17.14938  50.96290 
  0.00032   0.00092  16.57180  50.96290 
  0.00036   0.00004  15.13345  46.11145 
  0.00036   0.00008  15.89323  46.11145 
  0.00036   0.00012  15.46712  46.11145 
  0.00036   0.00016  15.38735  46.11145 
  0.00036   0.00020  15.17430  46.11145 
  0.00036   0.00024  17.31659  46.11145 
  0.00036   0.00028  15.70776  46.11145 
  0.00036   0.00032  15.49205  46.11145 
  0.00036   0.00036  15.18072  46.11145 
  0.00036   0.00040  15.79134  46.11145 
  0.00036   0.00044  15.17899  46.11145 
  0.00036   0.00048  16.71726  46.11145 
  0.00036   0.00052  17.12040  46.11145 
  0.00036   0.00056  17.78843  46.11145 
  0.00036   0.00060  17.32600  46.11145 
  0.00036   0.00064  17.67313  46.11145 
  0.00036   0.00068  17.41712  46.11145 
  0.00036   0.00072  16.13629  46.11145 
  0.00036   0.00076  17.49823  46.11145 
  0.00036   0.00080  17.65056  46.11145 
  0.00036   0.00084  17.62422  46.11145 
  0.00036   0.00088  16.54540  46.11145 
  0.00036   0.00092  17.14304  46.11145 
  0.00040   0.00004  14.73134  39.72641 
  0.00040   0.00008  14.15788  39.72641 
  0.00040   0.00012  13.99472  39.72641 
  0.00040   0.00016  14.16497  39.72641 
  0.00040   0.00020  14.52124  39.72641 
  0.00040   0.00024  14.79443  39.72641 
  0.00040   0.00028  14.59156  39.72641 
  0.00040   0.00032  14.42825  39.72641 
  0.00040   0.00036  14.43505  39.72641 
  0.00040   0.00040  14.39406  39.72641 
  0.00040   0.00044  14.55931  39.72641 
  0.00040   0.00048  17.18442  39.72641 
  0.00040   0.00052  16.69175  39.72641 
  0.00040   0.00056  17.37246  39.72641 
  0.00040   0.00060  17.29692  39.72641 
  0.00040   0.00064  17.29452  39.72641 
  0.00040   0.00068  17.50321  39.72641 
  0.00040   0.00072  17.35062  39.72641 
  0.00040   0.00076  17.58352  39.72641 
  0.00040   0.00080  17.44543  39.72641 
  0.00040   0.00084  17.53746  39.72641 
  0.00040   0.00088  17.43411  39.72641 
  0.00040   0.00092  16.94214  39.72641 
  0.00044   0.00004  13.06985  33.03852 
  0.00044   0.00008  13.29961  33.03852 
  0.00044   0.00012  13.11845  33.03852 
  0.00044   0.00016  13.42088  33.03852 
  0.00044   0.00020  12.94436  33.03852 
  0.00044   0.00024  12.24865  33.03852 
  0.00044   0.00028  12.88379  33.03852 
  0.00044   0.00032  13.35427  33.03852 
  0.00044   0.00036  13.46127  33.03852 
  0.00044   0.00040  13.14708  33.03852 
  0.00044   0.00044  13.41370  33.03852 
  0.00044   0.00048  16.86115  33.03852 
  0.00044   0.00052  17.04769  33.03852 
  0.00044   0.00056  16.77825  33.03852 
  0.00044   0.00060  17.12160  33.03852 
  0.00044   0.00064  17.31702  33.03852 
  0.00044   0.00068  17.73576  33.03852 
  0.00044   0.00072  18.39897  33.03852 
  0.00044   0.00076  17.42953  33.03852 
  0.00044   0.00080  17.44478  33.03852 
  0.00044   0.00084  17.11272  33.03852 
  0.00044   0.00088  16.96380  33.03852 
  0.00044   0.00092  16.79120  33.03852 
  0.00048   0.00004  16.36861  25.74492 
  0.00048   0.00008  16.46080  25.74492 
  0.00048   0.00012  16.49612  25.74492 
  0.00048   0.00016  16.60557  25.74492 
  0.00048   0.00020  16.36598  25.74492 
  0.00048   0.00024  15.94866  25.74492 
  0.00048   0.00028  16.41614  25.74492 
  0.00048   0.00032  16.70613  25.74492 
  0.00048   0.00036  16.63300  25.74492 
  0.00048   0.00040  16.61199  25.74492 
  0.00048   0.00044  16.29144  25.74492 
  0.00048   0.00048  12.24941  25.74492 
  0.00048   0.00052  12.05045  25.74492 
  0.00048   0.00056  12.16793  25.74492 
  0.00048   0.00060  12.12917  25.74492 
  0.00048   0.00064  11.92680  25.74492 
  0.00048   0.00068  12.34830  25.74492 
  0.00048   0.00072  12.83085  25.74492 
  0.00048   0.00076  12.30053  25.74492 
  0.00048   0.00080  12.15590  25.74492 
  0.00048   0.00084  12.25596  25.74492 
  0.00048   0.00088  12.06626  25.74492 
  0.00048   0.00092  12.20184  25.74492 
  0.00052   0.00004  15.32107  18.32157 
  0.00052   0.00008  15.58069  18.32157 
  0.00052   0.00012  15.60886  18.32157 
  0.00052   0.00016  15.69636  18.32157 
  0.00052   0.00020  16.05296  18.32157 
  0.00052   0.00024  16.16613  18.32157 
  0.00052   0.00028  16.06842  18.32157 
  0.00052   0.00032  15.76588  18.32157 
  0.00052   0.00036  15.73033  18.32157 
  0.00052   0.00040  15.43468  18.32157 
  0.00052   0.00044  15.40763  18.32157 
  0.00052   0.00048  11.17738  18.32157 
  0.00052   0.00052  10.96869  18.32157 
  0.00052   0.00056  10.72242  18.32157 
  0.00052   0.00060  10.75967  18.32157 
  0.00052   0.00064  10.71038  18.32157 
  0.00052   0.00068  10.52612  18.32157 
  0.00052   0.00072  10.44399  18.32157 
  0.00052   0.00076  10.61755  18.32157 
  0.00052   0.00080  10.63942  18.32157 
  0.00052   0.00084  10.65569  18.32157 
  0.00052   0.00088  10.79754  18.32157 
  0.00052   0.00092  10.94443  18.32157 
  0.00056   0.00004  14.15005  10.83334 
  0.00056   0.00008  14.31550  10.83334 
  0.00056   0.00012  14.58475  10.83334 
  0.00056   0.00016  14.70469  10.83334 
  0.00056   0.00020  14.81915  10.83334 
  0.00056   0.00024  14.49166  10.83334 
  0.00056   0.00028  14.71431  10.83334 
  0.00056   0.00032  14.65953  10.83334 
  0.00056   0.00036  14.66090  10.83334 
  0.00056   0.00040  14.46698  10.83334 
  0.00056   0.00044  14.28726  10.83334 
  0.00056   0.00048  10.06287  10.83334 
  0.00056   0.00052   9.84667  10.83334 
  0.00056   0.00056   9.58188  10.83334 
  0.00056   0.00060   9.64812  10.83334 
  0.00056   0.00064   9.46710  10.83334 
  0.00056   0.00068   9.49377  10.83334 
  0.00056   0.00072   9.93654  10.83334 
  0.00056   0.00076   9.47012  10.83334 
  0.00056   0.00080   9.39981  10.83334 
  0.00056   0.00084   9.58145  10.83334 
  0.00056   0.00088   9.73715  10.83334 
  0.00056   0.00092   9.76100  10.83334 
  0.00060   0.00004  12.89891   3.88350 
  0.00060   0.00008  13.07365   3.88350 
  0.00060   0.00012  13.13028   3.88350 
  0.00060   0.00016  13.35740   3.88350 
  0.00060   0.00020  13.55152   3.88350 
  0.00060   0.00024  13.67758   3.88350 
  0.00060   0.00028  13.56029   3.88350 
  0.00060   0.00032  13.38531   3.88350 
  0.00060   0.00036  13.27536   3.88350 
  0.00060   0.00040  12.86346   3.88350 
  0.00060   0.00044  13.02501   3.88350 
  0.00060   0.00048   8.89474   3.88350 
  0.00060   0.00052   8.77691   3.88350 
  0.00060   0.00056   8.61672   3.88350 
  0.00060   0.00060   8.46757   3.88350 
  0.00060   0.00064   8.32027   3.88350 
  0.00060   0.00068   8.15089   3.88350 
  0.00060   0.00072   8.03255   3.88350 
  0.00060   0.00076   8.14903   3.88350 
  0.00060   0.00080   8.24940   3.88350 
  0.00060   0.00084   8.45016   3.88350 
  0.00060   0.00088   8.61613   3.88350 
  0.00060   0.00092   8.69183   3.88350 
  0.00064   0.00004  11.61278  -2.66013 
  0.00064   0.00008  11.51642  -2.66013 
  0.00064   0.00012  11.71638  -2.66013 
  0.00064   0.00016  11.92837  -2.66013 
  0.00064   0.00020  12.11528  -2.66013 
  0.00064   0.00024  11.98247  -2.66013 
  0.00064   0.00028  12.15374  -2.66013 
  0.00064   0.00032  11.85216  -2.66013 
  0.00064   0.00036  11.88654  -2.66013 
  0.00064   0.00040  11.63096  -2.66013 
  0.00064   0.00044  11.58178  -2.66013 
  0.00064   0.00048   7.93095  -2.66013 
  0.00064   0.00052   7.86031  -2.66013 
  0.00064   0.00056   7.78249  -2.66013 
  0.00064   0.00060   7.77163  -2.66013 
  0.00064   0.00064   7.48137  -2.66013 
  0.00064   0.00068   7.09652  -2.66013 
  0.00064   0.00072   7.21077  -2.66013 
  0.00064   0.00076   7.15854  -2.66013 
  0.00064   0.00080   7.43398  -2.66013 
  0.00064   0.00084   7.85668  -2.66013 
  0.00064   0.00088   7.93609  -2.66013 
  0.00064   0.00092   7.92154  -2.66013 
  0.00068   0.00004  10.11541  -8.39130 
  0.00068   0.00008  10.18476  -8.39130 
  0.00068   0.00012  10.19254  -8.39130 
  0.00068   0.00016  10.33256  -8.39130 
  0.00068   0.00020  10.45375  -8.39130 
  0.00068   0.00024  11.22305  -8.39130 
  0.00068   0.00028  10.39494  -8.39130 
  0.00068   0.00032  10.26755  -8.39130 
  0.00068   0.00036  10.32405  -8.39130 
  0.00068   0.00040  10.27264  -8.39130 
  0.00068   0.00044  10.24602  -8.39130 
  0.00068   0.00048   7.25284  -8.39130 
  0.00068   0.00052   7.39464  -8.39130 
  0.00068   0.00056   7.17793  -8.39130 
  0.00068   0.00060   7.23755  -8.39130 
  0.00068   0.00064   7.12269  -8.39130 
  0.00068   0.00068   6.70293  -8.39130 
  0.00068   0.00072   5.57759  -8.39130 
  0.00068   0.00076   6.58155  -8.39130 
  0.00068   0.00080   6.98862  -8.39130 
  0.00068   0.00084   7.07748  -8.39130 
  0.00068   0.00088   7.29880  -8.39130 
  0.00068   0.00092   7.28109  -8.39130 
  0.00072   0.00004   8.38450 -12.93601 
  0.00072   0.00008   8.85598 -12.93601 
  0.00072   0.00012   9.28557 -12.93601 
  0.00072   0.00016   8.63002 -12.93601 
  0.00072   0.00020   9.07920 -12.93601 
  0.00072   0.00024   8.43878 -12.93601 
  0.00072   0.00028   8.85964 -12.93601 
  0.00072   0.00032   8.18059 -12.93601 
  0.00072   0.00036   9.07933 -12.93601 
  0.00072   0.00040   8.63045 -12.93601 
  0.00072   0.00044   9.28684 -12.93601 
  0.00072   0.00048   6.98724 -12.93601 
  0.00072   0.00052   7.45217 -12.93601 
  0.00072   0.00056   6.76755 -12.93601 
  0.00072   0.00060   7.21643 -12.93601 
  0.00072   0.00064   6.56005 -12.93601 
  0.00072   0.00068   6.98724 -12.93601 
  0.00072   0.00072   8.43878 -12.93601 
  0.00072   0.00076   7.21643 -12.93601 
  0.00072   0.00080   6.76755 -12.93601 
  0.00072   0.00084   7.45215 -12.93601 
  0.00072   0.00088   6.98715 -12.93601 
  0.00072   0.00092   6.55976 -12.93601 
  0.00076   0.00004   8.09802 -16.88750 
  0.00076   0.00008   8.18477 -16.88750 
  0.00076   0.00012   8.01048 -16.88750 
  0.00076   0.00016   7.99371 -16.88750 
  0.00076   0.00020   7.90596 -16.88750 
  0.00076   0.00024   7.76288 -16.88750 
  0.00076   0.00028   8.15294 -16.88750 
  0.00076   0.00032   8.12163 -16.88750 
  0.00076   0.00036   7.94157 -16.88750 
  0.00076   0.00040   7.86309 -16.88750 
  0.00076   0.00044   7.91095 -16.88750 
  0.00076   0.00048   6.29956 -16.88750 
  0.00076   0.00052   6.35927 -16.88750 
  0.00076   0.00056   6.51305 -16.88750 
  0.00076   0.00060   6.67909 -16.88750 
  0.00076   0.00064   6.87680 -16.88750 
  0.00076   0.00068   6.81398 -16.88750 
  0.00076   0.00072   7.76288 -16.88750 
  0.00076   0.00076   6.90570 -16.88750 
  0.00076   0.00080   6.67582 -16.88750 
  0.00076   0.00084   6.59226 -16.88750 
  0.00076   0.00088   6.32442 -16.88750 
  0.00076   0.00092   6.55077 -16.88750 
  0.00080   0.00004   7.05937 -18.67250 
  0.00080   0.00008   7.24748 -18.67250 
  0.00080   0.00012   7.02699 -18.67250 
  0.00080   0.00016   7.06720 -18.67250 
  0.00080   0.00020   7.11035 -18.67250 
  0.00080   0.00024   7.18415 -18.67250 
  0.00080   0.00028   7.19620 -18.67250 
  0.00080   0.00032   7.10900 -18.67250 
  0.00080   0.00036   7.37847 -18.67250 
  0.00080   0.00040   7.21002 -18.67250 
  0.00080   0.00044   7.09991 -18.67250 
  0.00080   0.00048   6.02853 -18.67250 
  0.00080   0.00052   6.28733 -18.67250 
  0.00080   0.00056   6.14900 -18.67250 
  0.00080   0.00060   6.55328 -18.67250 
  0.00080   0.00064   6.53169 -18.67250 
  0.00080   0.00068   6.71116 -18.67250 
  0.00080   0.00072   7.18415 -18.67250 
  0.00080   0.00076   6.54840 -18.67250 
  0.00080   0.00080   6.63177 -18.67250 
  0.00080   0.00084   6.10324 -18.67250 
  0.00080   0.00088   6.18508 -18.67250 
  0.00080   0.00092   6.24877 -18.67250 
  0.00084   0.00004   6.39181 -19.67710 
  0.00084   0.00008   6.27965 -19.67710 
  0.00084   0.00012   6.58104 -19.67710 
  0.00084   0.00016   6.66347 -19.67710 
  0.00084   0.00020   6.50101 -19.67710 
  0.00084   0.00024   6.71777 -19.67710 
  0.00084   0.00028   6.40451 -19.67710 
  0.00084   0.00032   6.64843 -19.67710 
  0.00084   0.00036   6.50778 -19.67710 
  0.00084   0.00040   6.82584 -19.67710 
  0.00084   0.00044   6.53578 -19.67710 
  0.00084   0.00048   5.91044 -19.67710 
  0.00084   0.00052   6.09748 -19.67710 
  0.00084   0.00056   5.92685 -19.67710 
  0.00084   0.00060   6.18454 -19.67710 
  0.00084   0.00064   6.29143 -19.67710 
  0.00084   0.00068   6.57678 -19.67710 
  0.00084   0.00072   6.71777 -19.67710 
  0.00084   0.00076   6.21846 -19.67710 
  0.00084   0.00080   6.13254 -19.67710 
  0.00084   0.00084   6.25586 -19.67710 
  0.00084   0.00088   6.30916 -19.67710 
  0.00084   0.00092   5.95437 -19.67710 
  0.00088   0.00004   6.08684 -19.12089 
  0.00088   0.00008   6.14061 -19.12089 
  0.00088   0.00012   6.19784 -19.12089 
  0.00088   0.00016   6.25032 -19.12089 
  0.00088   0.00020   6.01445 -19.12089 
  0.00088   0.00024   6.37458 -19.12089 
  0.00088   0.00028   6.25067 -19.12089 
  0.00088   0.00032   5.97958 -19.12089 
  0.00088   0.00036   6.10148 -19.12089 
  0.00088   0.00040   6.13395 -19.12089 
  0.00088   0.00044   6.18765 -19.12089 
  0.00088   0.00048   5.46074 -19.12089 
  0.00088   0.00052   5.79601 -19.12089 
  0.00088   0.00056   5.77617 -19.12089 
  0.00088   0.00060   6.14361 -19.12089 
  0.00088   0.00064   6.02278 -19.12089 
  0.00088   0.00068   6.03795 -19.12089 
  0.00088   0.00072   6.37458 -19.12089 
  0.00088   0.00076   6.08902 -19.12089 
  0.00088   0.00080   5.94507 -19.12089 
  0.00088   0.00084   5.89902 -19.12089 
  0.00088   0.00088   5.84033 -19.12089 
  0.00088   0.00092   5.69559 -19.12089 
  0.00092   0.00004   5.78633 -17.04017 
  0.00092   0.00008   5.77797 -17.04017 
  0.00092   0.00012   5.89324 -17.04017 
  0.00092   0.00016   5.80818 -17.04017 
  0.00092   0.00020   5.65598 -17.04017 
  0.00092   0.00024   6.16175 -17.04017 
  0.00092   0.00028   5.88123 -17.04017 
  0.00092   0.00032   5.84515 -17.04017 
  0.00092   0.00036   5.77508 -17.04017 
  0.00092   0.00040   6.06961 -17.04017 
  0.00092   0.00044   5.95178 -17.04017 
  0.00092   0.00048   5.82214 -17.04017 
  0.00092   0.00052   5.74755 -17.04017 
  0.00092   0.00056   5.69132 -17.04017 
  0.00092   0.00060   5.84069 -17.04017 
  0.00092   0.00064   5.86209 -17.04017 
  0.00092   0.00068   5.98050 -17.04017 
  0.00092   0.00072   6.16175 -17.04017 
  0.00092   0.00076   5.69992 -17.04017 
  0.00092   0.00080   5.87590 -17.04017 
  0.00092   0.00084   5.67285 -17.04017 
  0.00092   0.00088   5.84500 -17.04017 
  0.00092   0.00092   5.58230 -17.04017 
  0.00096   0.00004   5.62976 -14.19720 
  0.00096   0.00008   5.62061 -14.19720 
  0.00096   0.00012   5.79208 -14.19720 
  0.00096   0.00016   5.79908 -14.19720 
  0.00096   0.00020   6.29059 -14.19720 
  0.00096   0.00024   5.64721 -14.19720 
  0.00096   0.00028   5.72404 -14.19720 
  0.00096   0.00032   5.87945 -14.19720 
  0.00096   0.00036   5.64833 -14.19720 
  0.00096   0.00040   5.89276 -14.19720 
  0.00096   0.00044   5.93866 -14.19720 
  0.00096   0.00048   5.79230 -14.19720 
  0.00096   0.00052   5.82118 -14.19720 
  0.00096   0.00056   5.75805 -14.19720 
  0.00096   0.00060   5.59324 -14.19720 
  0.00096   0.00064   5.79542 -14.19720 
  0.00096   0.00068   5.62975 -14.19720 
  0.00096   0.00072   5.64721 -14.19720 
  0.00096   0.00076   6.22068 -14.19720 
  0.00096   0.00080   5.74584 -14.19720 
  0.00096   0.00084   5.68540 -14.19720 
  0.00096   0.00088   5.90780 -14.19720 
  0.00096   0.00092   5.51239 -14.19720 
  0.00100   0.00004   6.06925  -9.34575 
  0.00100   0.00008   5.86384  -9.34575 
  0.00100   0.00012   6.11427  -9.34575 
  0.00100   0.00016   5.96265  -9.34575 
  0.00100   0.00020   6.22756  -9.34575 
  0.00100   0.00024   5.72232  -9.34575 
  0.00100   0.00028   5.95359  -9.34575 
  0.00100   0.00032   6.00488  -9.34575 
  0.00100   0.00036   5.96802  -9.34575 
  0.00100   0.00040   6.08076  -9.34575 
  0.00100   0.00044   5.91886  -9.34575 
  0.00100   0.00048   5.63302  -9.34575 
  0.00100   0.00052   5.44198  -9.34575 
  0.00100   0.00056   5.46626  -9.34575 
  0.00100   0.00060   5.84343  -9.34575 
  0.00100   0.00064   5.82877  -9.34575 
  0.00100   0.00068   5.88660  -9.34575 
  0.00100   0.00072   5.72232  -9.34575 
  0.00100   0.00076   6.13920  -9.34575 
  0.00100   0.00080   5.90562  -9.34575 
  0.00100   0.00084   5.70195  -9.34575 
  0.00100   0.00088   5.73688  -9.34575 
  0.00100   0.00092   5.59255  -9.34575 
  0.00104   0.00004   6.32125  -3.98310 
  0.00104   0.00008   6.23111  -3.98310 
  0.00104   0.00012   6.27513  -3.98310 
  0.00104   0.00016   6.30160  -3.98310 
  0.00104   0.00020   6.26991  -3.98310 
  0.00104   0.00024   5.94704  -3.98310 
  0.00104   0.00028   6.29751  -3.98310 
  0.00104   0.00032   6.24439  -3.98310 
  0.00104   0.00036   6.03538  -3.98310 
  0.00104   0.00040   6.27287  -3.98310 
  0.00104   0.00044   6.15612  -3.98310 
  0.00104   0.00048   5.29677  -3.98310 
  0.00104   0.00052   5.51694  -3.98310 
  0.00104   0.00056   5.74025  -3.98310 
  0.00104   0.00060   5.85821  -3.98310 
  0.00104   0.00064   6.08592  -3.98310 
  0.00104   0.00068   5.94847  -3.98310 
  0.00104   0.00072   5.94704  -3.98310 
  0.00104   0.00076   6.21315  -3.98310 
  0.00104   0.00080   5.85717  -3.98310 
  0.00104   0.00084   5.48539  -3.98310 
  0.00104   0.00088   5.70592  -3.98310 
  0.00104   0.00092   5.68237  -3.98310 
  0.00108   0.00004   6.68960   2.40193 
  0.00108   0.00008   6.42318   2.40193 
  0.00108   0.00012   6.54778   2.40193 
  0.00108   0.00016   6.75503   2.40193 
  0.00108   0.00020   6.75958   2.40193 
  0.00108   0.00024   6.31707   2.40193 
  0.00108   0.00028   6.44669   2.40193 
  0.00108   0.00032   6.64045   2.40193 
  0.00108   0.00036   6.62677   2.40193 
  0.00108   0.00040   6.75183   2.40193 
  0.00108   0.00044   6.49877   2.40193 
  0.00108   0.00048   5.74502   2.40193 
  0.00108   0.00052   5.73525   2.40193 
  0.00108   0.00056   5.62712   2.40193 
  0.00108   0.00060   6.05392   2.40193 
  0.00108   0.00064   6.12225   2.40193 
  0.00108   0.00068   6.47110   2.40193 
  0.00108   0.00072   6.31707   2.40193 
  0.00108   0.00076   6.41424   2.40193 
  0.00108   0.00080   6.04952   2.40193 
  0.00108   0.00084   5.99560   2.40193 
  0.00108   0.00088   6.10175   2.40193 
  0.00108   0.00092   5.92657   2.40193 
  0.00112   0.00004   7.21745   9.39268 
  0.00112   0.00008   7.31881   9.39268 
  0.00112   0.00012   7.47271   9.39268 
  0.00112   0.00016   7.14172   9.39268 
  0.00112   0.00020   7.35995   9.39268 
  0.00112   0.00024   6.82399   9.39268 
  0.00112   0.00028   7.24062   9.39268 
  0.00112   0.00032   7.26775   9.39268 
  0.00112   0.00036   7.13672   9.39268 
  0.00112   0.00040   7.40313   9.39268 
  0.00112   0.00044   7.24649   9.39268 
  0.00112   0.00048   5.80321   9.39268 
  0.00112   0.00052   6.04933   9.39268 
  0.00112   0.00056   6.00651   9.39268 
  0.00112   0.00060   5.95293   9.39268 
  0.00112   0.00064   6.45717   9.39268 
  0.00112   0.00068   6.58196   9.39268 
  0.00112   0.00072   6.82399   9.39268 
  0.00112   0.00076   6.67631   9.39268 
  0.00112   0.00080   6.47321   9.39268 
  0.00112   0.00084   6.35867   9.39268 
  0.00112   0.00088   6.03310   9.39268 
  0.00112   0.00092   6.02096   9.39268 
  0.00116   0.00004   8.09631  16.68628 
  0.00116   0.00008   7.89290  16.68628 
  0.00116   0.00012   8.13750  16.68628 
  0.00116   0.00016   8.14211  16.68628 
  0.00116   0.00020   8.11588  16.68628 
  0.00116   0.00024   7.45405  16.68628 
  0.00116   0.00028   7.79297  16.68628 
  0.00116   0.00032   7.98371  16.68628 
  0.00116   0.00036   7.98674  16.68628 
  0.00116   0.00040   8.06889  16.68628 
  0.00116   0.00044   8.25774  16.68628 
  0.00116   0.00048   6.51428  16.68628 
  0.00116   0.00052   6.27281  16.68628 
  0.00116   0.00056   6.44443  16.68628 
  0.00116   0.00060   6.46442  16.68628 
  0.00116   0.00064   6.42042  16.68628 
  0.00116   0.00068   7.07080  16.68628 
  0.00116   0.00072   7.45405  16.68628 
  0.00116   0.00076   6.86543  16.68628 
  0.00116   0.00080   6.52327  16.68628 
  0.00116   0.00084   6.35491  16.68628 
  0.00116   0.00088   6.52483  16.68628 
  0.00116   0.00092   6.11192  16.68628 
  0.00120   0.00004   9.27094  24.17451 
  0.00120   0.00008   9.02006  24.17451 
  0.00120   0.00012   8.98428  24.17451 
  0.00120   0.00016   9.15272  24.17451 
  0.00120   0.00020   8.87602  24.17451 
  0.00120   0.00024   8.18675  24.17451 
  0.00120   0.00028   9.02032  24.17451 
  0.00120   0.00032   9.27171  24.17451 
  0.00120   0.00036   8.87605  24.17451 
  0.00120   0.00040   9.15278  24.17451 
  0.00120   0.00044   8.54828  24.17451 
  0.00120   0.00048   6.73087  24.17451 
  0.00120   0.00052   6.47949  24.17451 
  0.00120   0.00056   6.87516  24.17451 
  0.00120   0.00060   6.59842  24.17451 
  0.00120   0.00064   7.02922  24.17451 
  0.00120   0.00068   6.73087  24.17451 
  0.00120   0.00072   8.18675  24.17451 
  0.00120   0.00076   6.59842  24.17451 
  0.00120   0.00080   6.87514  24.17451 
  0.00120   0.00084   6.47944  24.17451 
  0.00120   0.00088   6.73068  24.17451 
  0.00120   0.00092   7.02858  24.17451 
  0.00124   0.00004  10.33321  31.48327 
  0.00124   0.00008  10.31632  31.48327 
  0.00124   0.00012  10.44266  31.48327 
  0.00124   0.00016  10.44228  31.48327 
  0.00124   0.00020  10.66062  31.48327 
  0.00124   0.00024  11.12248  31.48327 
  0.00124   0.00028  10.52880  31.48327 
  0.00124   0.00032  10.35826  31.48327 
  0.00124   0.00036  10.27865  31.48327 
  0.00124   0.00040  10.35830  31.48327 
  0.00124   0.00044  10.23897  31.48327 
  0.00124   0.00048   7.14528  31.48327 
  0.00124   0.00052   7.09753  31.48327 
  0.00124   0.00056   7.04561  31.48327 
  0.00124   0.00060   6.96548  31.48327 
  0.00124   0.00064   6.88829  31.48327 
  0.00124   0.00068   6.50843  31.48327 
  0.00124   0.00072   5.64979  31.48327 
  0.00124   0.00076   6.40942  31.48327 
  0.00124   0.00080   6.78422  31.48327 
  0.00124   0.00084   7.04756  31.48327 
  0.00124   0.00088   7.08320  31.48327 
  0.00124   0.00092   7.19266  31.48327 
  0.00128   0.00004  11.59732  38.43312 
  0.00128   0.00008  11.51612  38.43312 
  0.00128   0.00012  11.52934  38.43312 
  0.00128   0.00016  11.93967  38.43312 
  0.00128   0.00020  12.07998  38.43312 
  0.00128   0.00024  12.28052  38.43312 
  0.00128   0.00028  12.12197  38.43312 
  0.00128   0.00032  11.85356  38.43312 
  0.00128   0.00036  11.74786  38.43312 
  0.00128   0.00040  11.67629  38.43312 
  0.00128   0.00044  11.57756  38.43312 
  0.00128   0.00048   7.84636  38.43312 
  0.00128   0.00052   7.80529  38.43312 
  0.00128   0.00056   7.73360  38.43312 
  0.00128   0.00060   7.47890  38.43312 
  0.00128   0.00064   7.37362  38.43312 
  0.00128   0.00068   7.07961  38.43312 
  0.00128   0.00072   6.87752  38.43312 
  0.00128   0.00076   7.02679  38.43312 
  0.00128   0.00080   7.34311  38.43312 
  0.00128   0.00084   7.67182  38.43312 
  0.00128   0.00088   7.85991  38.43312 
  0.00128   0.00092   7.82676  38.43312 
  0.00132   0.00004  12.85431  44.57052 
  0.00132   0.00008  13.07954  44.57052 
  0.00132   0.00012  13.16848  44.57052 
  0.00132   0.00016  13.29652  44.57052 
  0.00132   0.00020  13.41400  44.57052 
  0.00132   0.00024  13.41805  44.57052 
  0.00132   0.00028  13.38623  44.57052 
  0.00132   0.00032  13.29958  44.57052 
  0.00132   0.00036  13.10455  44.57052 
  0.00132   0.00040  13.01316  44.57052 
  0.00132   0.00044  12.79467  44.57052 
  0.00132   0.00048   8.93476  44.57052 
  0.00132   0.00052   8.73540  44.57052 
  0.00132   0.00056   8.87588  44.57052 
  0.00132   0.00060   8.45794  44.57052 
  0.00132   0.00064   8.38194  44.57052 
  0.00132   0.00068   8.24760  44.57052 
  0.00132   0.00072   8.21957  44.57052 
  0.00132   0.00076   8.27898  44.57052 
  0.00132   0.00080   8.40923  44.57052 
  0.00132   0.00084   8.59233  44.57052 
  0.00132   0.00088   8.51965  44.57052 
  0.00132   0.00092   8.80436  44.57052 
  0.00136   0.00004  14.04624  50.30169 
  0.00136   0.00008  14.00752  50.30169 
  0.00136   0.00012  14.22823  50.30169 
  0.00136   0.00016  14.48932  50.30169 
  0.00136   0.00020  14.39126  50.30169 
  0.00136   0.00024  13.58122  50.30169 
  0.00136   0.00028  14.34918  50.30169 
  0.00136   0.00032  14.43165  50.30169 
  0.00136   0.00036  14.12382  50.30169 
  0.00136   0.00040  14.25089  50.30169 
  0.00136   0.00044  13.92042  50.30169 
  0.00136   0.00048  10.18923  50.30169 
  0.00136   0.00052   9.82241  50.30169 
  0.00136   0.00056   9.75817  50.30169 
  0.00136   0.00060   9.52832  50.30169 
  0.00136   0.00064   9.68862  50.30169 
  0.00136   0.00068   9.72695  50.30169 
  0.00136   0.00072  10.49852  50.30169 
  0.00136   0.00076   9.51856  50.30169 
  0.00136   0.00080   9.64222  50.30169 
  0.00136   0.00084   9.63358  50.30169 
  0.00136   0.00088   9.91162  50.30169 
  0.00136   0.00092   9.96859  50.30169 
  0.00140   0.00004  14.93590  54.25317 
  0.00140   0.00008  15.23794  54.25317 
  0.00140   0.00012  15.43849  54.25317 
  0.00140   0.00016  15.51880  54.25317 
  0.00140   0.00020  15.54578  54.25317 
  0.00140   0.00024  15.79505  54.25317 
  0.00140   0.00028  15.66648  54.25317 
  0.00140   0.00032  15.43216  54.25317 
  0.00140   0.00036  15.33075  54.25317 
  0.00140   0.00040  15.31690  54.25317 
  0.00140   0.00044  15.01097  54.25317 
  0.00140   0.00048  11.39621  54.25317 
  0.00140   0.00052  11.15172  54.25317 
  0.00140   0.00056  11.16298  54.25317 
  0.00140   0.00060  10.92633  54.25317 
  0.00140   0.00064  11.01909  54.25317 
  0.00140   0.00068  10.73141  54.25317 
  0.00140   0.00072  10.61854  54.25317 
  0.00140   0.00076  10.73664  54.25317 
  0.00140   0.00080  11.10102  54.25317 
  0.00140   0.00084  11.06094  54.25317 
  0.00140   0.00088  10.93881  54.25317 
  0.00140   0.00092  11.11639  54.25317 
