ZONE T="Visual 25e.dat"
I= 23,J= 35,K=1,F=POINT
  0.00004   0.00004  15.81842  58.48303 
  0.00004   0.00008  15.47924  58.48303 
  0.00004   0.00012  15.68714  58.48303 
  0.00004   0.00016  15.40493  58.48303 
  0.00004   0.00020  14.89833  58.48303 
  0.00004   0.00024  15.54859  58.48303 
  0.00004   0.00028  15.59173  58.48303 
  0.00004   0.00032  15.40231  58.48303 
  0.00004   0.00036  15.96273  58.48303 
  0.00004   0.00040  15.83235  58.48303 
  0.00004   0.00044  15.82783  58.48303 
  0.00004   0.00048  15.22121  58.48303 
  0.00004   0.00052  14.99542  58.48303 
  0.00004   0.00056  14.66092  58.48303 
  0.00004   0.00060  15.16881  58.48303 
  0.00004   0.00064  15.19871  58.48303 
  0.00004   0.00068  14.91683  58.48303 
  0.00004   0.00072  15.54859  58.48303 
  0.00004   0.00076  14.63017  58.48303 
  0.00004   0.00080  15.21106  58.48303 
  0.00004   0.00084  14.94034  58.48303 
  0.00004   0.00088  15.25093  58.48303 
  0.00004   0.00092  14.98605  58.48303 
  0.00008   0.00004  16.96709  59.62038 
  0.00008   0.00008  17.05269  59.62038 
  0.00008   0.00012  17.16715  59.62038 
  0.00008   0.00016  16.80687  59.62038 
  0.00008   0.00020  16.22046  59.62038 
  0.00008   0.00024  16.71690  59.62038 
  0.00008   0.00028  16.92356  59.62038 
  0.00008   0.00032  16.46836  59.62038 
  0.00008   0.00036  16.75285  59.62038 
  0.00008   0.00040  17.02165  59.62038 
  0.00008   0.00044  17.37146  59.62038 
  0.00008   0.00048  15.78422  59.62038 
  0.00008   0.00052  16.37053  59.62038 
  0.00008   0.00056  16.18890  59.62038 
  0.00008   0.00060  16.51886  59.62038 
  0.00008   0.00064  16.24671  59.62038 
  0.00008   0.00068  15.87492  59.62038 
  0.00008   0.00072  16.71690  59.62038 
  0.00008   0.00076  16.01122  59.62038 
  0.00008   0.00080  16.07818  59.62038 
  0.00008   0.00084  16.08637  59.62038 
  0.00008   0.00088  16.15323  59.62038 
  0.00008   0.00092  15.96627  59.62038 
  0.00012   0.00004  18.29637  59.19156 
  0.00012   0.00008  17.87714  59.19156 
  0.00012   0.00012  18.06108  59.19156 
  0.00012   0.00016  17.67296  59.19156 
  0.00012   0.00020  17.46967  59.19156 
  0.00012   0.00024  17.69586  59.19156 
  0.00012   0.00028  17.45937  59.19156 
  0.00012   0.00032  17.38910  59.19156 
  0.00012   0.00036  18.10656  59.19156 
  0.00012   0.00040  18.69490  59.19156 
  0.00012   0.00044  17.99340  59.19156 
  0.00012   0.00048  17.71045  59.19156 
  0.00012   0.00052  17.30653  59.19156 
  0.00012   0.00056  16.86667  59.19156 
  0.00012   0.00060  17.11548  59.19156 
  0.00012   0.00064  17.17336  59.19156 
  0.00012   0.00068  17.29607  59.19156 
  0.00012   0.00072  17.69586  59.19156 
  0.00012   0.00076  17.32455  59.19156 
  0.00012   0.00080  17.58847  59.19156 
  0.00012   0.00084  17.21464  59.19156 
  0.00012   0.00088  17.55355  59.19156 
  0.00012   0.00092  17.60985  59.19156 
  0.00016   0.00004  19.30848  57.97965 
  0.00016   0.00008  19.24421  57.97965 
  0.00016   0.00012  19.06010  57.97965 
  0.00016   0.00016  18.65540  57.97965 
  0.00016   0.00020  18.51444  57.97965 
  0.00016   0.00024  18.44205  57.97965 
  0.00016   0.00028  18.60830  57.97965 
  0.00016   0.00032  18.22944  57.97965 
  0.00016   0.00036  18.49504  57.97965 
  0.00016   0.00040  18.78759  57.97965 
  0.00016   0.00044  18.61484  57.97965 
  0.00016   0.00048  18.24385  57.97965 
  0.00016   0.00052  18.23097  57.97965 
  0.00016   0.00056  18.36138  57.97965 
  0.00016   0.00060  18.23251  57.97965 
  0.00016   0.00064  17.93752  57.97965 
  0.00016   0.00068  18.50224  57.97965 
  0.00016   0.00072  18.44205  57.97965 
  0.00016   0.00076  18.37714  57.97965 
  0.00016   0.00080  18.33488  57.97965 
  0.00016   0.00084  18.68645  57.97965 
  0.00016   0.00088  18.11620  57.97965 
  0.00016   0.00092  18.92584  57.97965 
  0.00020   0.00004  19.35289  54.53711 
  0.00020   0.00008  19.40308  54.53711 
  0.00020   0.00012  19.33763  54.53711 
  0.00020   0.00016  19.23890  54.53711 
  0.00020   0.00020  18.60559  54.53711 
  0.00020   0.00024  18.92235  54.53711 
  0.00020   0.00028  18.64915  54.53711 
  0.00020   0.00032  19.41560  54.53711 
  0.00020   0.00036  19.39170  54.53711 
  0.00020   0.00040  19.30652  54.53711 
  0.00020   0.00044  19.40015  54.53711 
  0.00020   0.00048  19.43745  54.53711 
  0.00020   0.00052  19.71411  54.53711 
  0.00020   0.00056  19.52985  54.53711 
  0.00020   0.00060  19.32885  54.53711 
  0.00020   0.00064  19.37990  54.53711 
  0.00020   0.00068  19.11987  54.53711 
  0.00020   0.00072  18.92235  54.53711 
  0.00020   0.00076  19.12238  54.53711 
  0.00020   0.00080  19.03903  54.53711 
  0.00020   0.00084  19.68726  54.53711 
  0.00020   0.00088  19.54402  54.53711 
  0.00020   0.00092  19.67125  54.53711 
  0.00024   0.00004  20.56304  50.46336 
  0.00024   0.00008  18.68639  50.46336 
  0.00024   0.00012  19.94376  50.46336 
  0.00024   0.00016  18.22864  50.46336 
  0.00024   0.00020  19.31419  50.46336 
  0.00024   0.00024  19.11556  50.46336 
  0.00024   0.00028  18.69121  50.46336 
  0.00024   0.00032  20.57705  50.46336 
  0.00024   0.00036  19.31430  50.46336 
  0.00024   0.00040  18.65657  50.46336 
  0.00024   0.00044  19.94526  50.46336 
  0.00024   0.00048  21.39547  50.46336 
  0.00024   0.00052  19.50964  50.46336 
  0.00024   0.00056  20.77239  50.46336 
  0.00024   0.00060  22.00390  50.46336 
  0.00024   0.00064  20.14143  50.46336 
  0.00024   0.00068  21.39547  50.46336 
  0.00024   0.00072  19.11556  50.46336 
  0.00024   0.00076  18.88294  50.46336 
  0.00024   0.00080  20.77239  50.46336 
  0.00024   0.00084  19.50963  50.46336 
  0.00024   0.00088  21.39542  50.46336 
  0.00024   0.00092  20.14121  50.46336 
  0.00028   0.00004  19.24316  45.12718 
  0.00028   0.00008  19.14691  45.12718 
  0.00028   0.00012  19.46566  45.12718 
  0.00028   0.00016  19.52663  45.12718 
  0.00028   0.00020  19.81728  45.12718 
  0.00028   0.00024  21.76874  45.12718 
  0.00028   0.00028  20.03772  45.12718 
  0.00028   0.00032  19.71318  45.12718 
  0.00028   0.00036  19.64457  45.12718 
  0.00028   0.00040  19.47980  45.12718 
  0.00028   0.00044  19.36654  45.12718 
  0.00028   0.00048  20.70368  45.12718 
  0.00028   0.00052  21.17190  45.12718 
  0.00028   0.00056  20.96798  45.12718 
  0.00028   0.00060  21.20180  45.12718 
  0.00028   0.00064  21.72367  45.12718 
  0.00028   0.00068  21.96552  45.12718 
  0.00028   0.00072  21.17980  45.12718 
  0.00028   0.00076  22.03524  45.12718 
  0.00028   0.00080  21.51211  45.12718 
  0.00028   0.00084  21.25631  45.12718 
  0.00028   0.00088  21.42183  45.12718 
  0.00028   0.00092  21.08227  45.12718 
  0.00032   0.00004  18.50882  38.87679 
  0.00032   0.00008  18.54024  38.87679 
  0.00032   0.00012  18.33477  38.87679 
  0.00032   0.00016  19.00086  38.87679 
  0.00032   0.00020  19.36994  38.87679 
  0.00032   0.00024  18.69825  38.87679 
  0.00032   0.00028  19.24222  38.87679 
  0.00032   0.00032  19.02437  38.87679 
  0.00032   0.00036  19.04188  38.87679 
  0.00032   0.00040  18.65985  38.87679 
  0.00032   0.00044  19.04326  38.87679 
  0.00032   0.00048  21.07660  38.87679 
  0.00032   0.00052  21.46844  38.87679 
  0.00032   0.00056  21.45439  38.87679 
  0.00032   0.00060  21.62692  38.87679 
  0.00032   0.00064  21.86644  38.87679 
  0.00032   0.00068  22.35656  38.87679 
  0.00032   0.00072  23.22914  38.87679 
  0.00032   0.00076  22.57126  38.87679 
  0.00032   0.00080  22.11523  38.87679 
  0.00032   0.00084  21.97950  38.87679 
  0.00032   0.00088  21.68160  38.87679 
  0.00032   0.00092  20.99422  38.87679 
  0.00036   0.00004  17.53046  32.16930 
  0.00036   0.00008  18.17701  32.16930 
  0.00036   0.00012  17.84712  32.16930 
  0.00036   0.00016  17.79121  32.16930 
  0.00036   0.00020  17.63861  32.16930 
  0.00036   0.00024  19.58758  32.16930 
  0.00036   0.00028  18.10553  32.16930 
  0.00036   0.00032  17.92233  32.16930 
  0.00036   0.00036  17.59647  32.16930 
  0.00036   0.00040  18.15469  32.16930 
  0.00036   0.00044  17.59741  32.16930 
  0.00036   0.00048  20.74281  32.16930 
  0.00036   0.00052  21.18232  32.16930 
  0.00036   0.00056  21.85142  32.16930 
  0.00036   0.00060  21.57793  32.16930 
  0.00036   0.00064  21.97794  32.16930 
  0.00036   0.00068  21.89614  32.16930 
  0.00036   0.00072  20.76527  32.16930 
  0.00036   0.00076  21.96035  32.16930 
  0.00036   0.00080  21.99165  32.16930 
  0.00036   0.00084  21.83700  32.16930 
  0.00036   0.00088  20.80497  32.16930 
  0.00036   0.00092  21.20263  32.16930 
  0.00040   0.00004  16.47955  24.74708 
  0.00040   0.00008  16.05101  24.74708 
  0.00040   0.00012  15.89581  24.74708 
  0.00040   0.00016  16.03356  24.74708 
  0.00040   0.00020  16.28511  24.74708 
  0.00040   0.00024  16.50569  24.74708 
  0.00040   0.00028  16.35677  24.74708 
  0.00040   0.00032  16.21589  24.74708 
  0.00040   0.00036  16.34136  24.74708 
  0.00040   0.00040  16.22216  24.74708 
  0.00040   0.00044  16.40150  24.74708 
  0.00040   0.00048  20.46549  24.74708 
  0.00040   0.00052  20.19081  24.74708 
  0.00040   0.00056  20.85015  24.74708 
  0.00040   0.00060  20.87446  24.74708 
  0.00040   0.00064  20.96783  24.74708 
  0.00040   0.00068  21.24274  24.74708 
  0.00040   0.00072  21.16622  24.74708 
  0.00040   0.00076  21.30552  24.74708 
  0.00040   0.00080  21.08036  24.74708 
  0.00040   0.00084  21.06503  24.74708 
  0.00040   0.00088  20.85004  24.74708 
  0.00040   0.00092  20.36572  24.74708 
  0.00044   0.00004  14.32629  17.32880 
  0.00044   0.00008  14.44642  17.32880 
  0.00044   0.00012  14.33678  17.32880 
  0.00044   0.00016  14.53110  17.32880 
  0.00044   0.00020  14.21021  17.32880 
  0.00044   0.00024  13.73746  17.32880 
  0.00044   0.00028  14.16799  17.32880 
  0.00044   0.00032  14.50299  17.32880 
  0.00044   0.00036  14.60287  17.32880 
  0.00044   0.00040  14.36783  17.32880 
  0.00044   0.00044  14.62625  17.32880 
  0.00044   0.00048  19.33889  17.32880 
  0.00044   0.00052  19.60482  17.32880 
  0.00044   0.00056  19.50939  17.32880 
  0.00044   0.00060  19.86300  17.32880 
  0.00044   0.00064  20.04087  17.32880 
  0.00044   0.00068  20.38985  17.32880 
  0.00044   0.00072  20.85700  17.32880 
  0.00044   0.00076  20.17048  17.32880 
  0.00044   0.00080  20.12617  17.32880 
  0.00044   0.00084  19.81918  17.32880 
  0.00044   0.00088  19.66536  17.32880 
  0.00044   0.00092  19.41000  17.32880 
  0.00048   0.00004  17.91641   9.91839 
  0.00048   0.00008  18.07797   9.91839 
  0.00048   0.00012  18.23158   9.91839 
  0.00048   0.00016  18.37930   9.91839 
  0.00048   0.00020  18.31587   9.91839 
  0.00048   0.00024  18.14052   9.91839 
  0.00048   0.00028  18.34102   9.91839 
  0.00048   0.00032  18.43811   9.91839 
  0.00048   0.00036  18.31390   9.91839 
  0.00048   0.00040  18.24991   9.91839 
  0.00048   0.00044  17.97035   9.91839 
  0.00048   0.00048  12.88451   9.91839 
  0.00048   0.00052  12.73425   9.91839 
  0.00048   0.00056  12.71792   9.91839 
  0.00048   0.00060  12.58887   9.91839 
  0.00048   0.00064  12.49761   9.91839 
  0.00048   0.00068  12.68197   9.91839 
  0.00048   0.00072  12.89788   9.91839 
  0.00048   0.00076  12.66250   9.91839 
  0.00048   0.00080  12.58005   9.91839 
  0.00048   0.00084  12.70503   9.91839 
  0.00048   0.00088  12.69043   9.91839 
  0.00048   0.00092  12.77916   9.91839 
  0.00052   0.00004  15.85568   2.99944 
  0.00052   0.00008  16.07270   2.99944 
  0.00052   0.00012  16.23269   2.99944 
  0.00052   0.00016  16.41618   2.99944 
  0.00052   0.00020  16.63270   2.99944 
  0.00052   0.00024  16.68788   2.99944 
  0.00052   0.00028  16.65573   2.99944 
  0.00052   0.00032  16.43423   2.99944 
  0.00052   0.00036  16.27565   2.99944 
  0.00052   0.00040  16.02064   2.99944 
  0.00052   0.00044  16.05719   2.99944 
  0.00052   0.00048  11.19481   2.99944 
  0.00052   0.00052  11.11125   2.99944 
  0.00052   0.00056  10.83474   2.99944 
  0.00052   0.00060  10.79731   2.99944 
  0.00052   0.00064  10.69445   2.99944 
  0.00052   0.00068  10.50714   2.99944 
  0.00052   0.00072  10.48157   2.99944 
  0.00052   0.00076  10.54623   2.99944 
  0.00052   0.00080  10.68065   2.99944 
  0.00052   0.00084  10.74432   2.99944 
  0.00052   0.00088  10.95630   2.99944 
  0.00052   0.00092  10.99395   2.99944 
  0.00056   0.00004  13.70512  -3.67377 
  0.00056   0.00008  13.91634  -3.67377 
  0.00056   0.00012  14.00154  -3.67377 
  0.00056   0.00016  14.23043  -3.67377 
  0.00056   0.00020  14.22927  -3.67377 
  0.00056   0.00024  14.40125  -3.67377 
  0.00056   0.00028  14.32127  -3.67377 
  0.00056   0.00032  14.17126  -3.67377 
  0.00056   0.00036  13.98138  -3.67377 
  0.00056   0.00040  13.97941  -3.67377 
  0.00056   0.00044  13.73159  -3.67377 
  0.00056   0.00048   9.81404  -3.67377 
  0.00056   0.00052   9.60359  -3.67377 
  0.00056   0.00056   9.37716  -3.67377 
  0.00056   0.00060   9.19152  -3.67377 
  0.00056   0.00064   9.10937  -3.67377 
  0.00056   0.00068   8.88636  -3.67377 
  0.00056   0.00072   8.63916  -3.67377 
  0.00056   0.00076   8.90869  -3.67377 
  0.00056   0.00080   9.04293  -3.67377 
  0.00056   0.00084   9.22595  -3.67377 
  0.00056   0.00088   9.38177  -3.67377 
  0.00056   0.00092   9.64724  -3.67377 
  0.00060   0.00004  11.61492  -8.95658 
  0.00060   0.00008  11.44377  -8.95658 
  0.00060   0.00012  11.60583  -8.95658 
  0.00060   0.00016  11.74078  -8.95658 
  0.00060   0.00020  11.93787  -8.95658 
  0.00060   0.00024  12.15805  -8.95658 
  0.00060   0.00028  11.89142  -8.95658 
  0.00060   0.00032  11.72694  -8.95658 
  0.00060   0.00036  11.68661  -8.95658 
  0.00060   0.00040  11.23782  -8.95658 
  0.00060   0.00044  11.71914  -8.95658 
  0.00060   0.00048   8.43227  -8.95658 
  0.00060   0.00052   8.30687  -8.95658 
  0.00060   0.00056   8.28386  -8.95658 
  0.00060   0.00060   8.00092  -8.95658 
  0.00060   0.00064   7.94002  -8.95658 
  0.00060   0.00068   7.52089  -8.95658 
  0.00060   0.00072   7.17561  -8.95658 
  0.00060   0.00076   7.57566  -8.95658 
  0.00060   0.00080   7.73147  -8.95658 
  0.00060   0.00084   8.09597  -8.95658 
  0.00060   0.00088   8.40028  -8.95658 
  0.00060   0.00092   8.25841  -8.95658 
  0.00064   0.00004   9.74573 -13.60354 
  0.00064   0.00008   9.57770 -13.60354 
  0.00064   0.00012   9.71027 -13.60354 
  0.00064   0.00016   9.52543 -13.60354 
  0.00064   0.00020   9.28937 -13.60354 
  0.00064   0.00024   8.53908 -13.60354 
  0.00064   0.00028   9.50851 -13.60354 
  0.00064   0.00032   9.38528 -13.60354 
  0.00064   0.00036   9.71447 -13.60354 
  0.00064   0.00040   9.54105 -13.60354 
  0.00064   0.00044   9.62149 -13.60354 
  0.00064   0.00048   7.39364 -13.60354 
  0.00064   0.00052   7.24644 -13.60354 
  0.00064   0.00056   7.22988 -13.60354 
  0.00064   0.00060   7.38362 -13.60354 
  0.00064   0.00064   6.88960 -13.60354 
  0.00064   0.00068   6.56460 -13.60354 
  0.00064   0.00072   7.29699 -13.60354 
  0.00064   0.00076   6.65070 -13.60354 
  0.00064   0.00080   6.96494 -13.60354 
  0.00064   0.00084   7.15354 -13.60354 
  0.00064   0.00088   7.31089 -13.60354 
  0.00064   0.00092   7.41160 -13.60354 
  0.00068   0.00004   7.98805 -16.97882 
  0.00068   0.00008   7.88448 -16.97882 
  0.00068   0.00012   7.87261 -16.97882 
  0.00068   0.00016   7.75077 -16.97882 
  0.00068   0.00020   7.47782 -16.97882 
  0.00068   0.00024   7.80071 -16.97882 
  0.00068   0.00028   7.56483 -16.97882 
  0.00068   0.00032   7.84376 -16.97882 
  0.00068   0.00036   8.03618 -16.97882 
  0.00068   0.00040   8.08451 -16.97882 
  0.00068   0.00044   7.99610 -16.97882 
  0.00068   0.00048   6.42300 -16.97882 
  0.00068   0.00052   6.61057 -16.97882 
  0.00068   0.00056   6.45053 -16.97882 
  0.00068   0.00060   6.40814 -16.97882 
  0.00068   0.00064   6.45012 -16.97882 
  0.00068   0.00068   6.04737 -16.97882 
  0.00068   0.00072   5.08437 -16.97882 
  0.00068   0.00076   6.05869 -16.97882 
  0.00068   0.00080   6.28060 -16.97882 
  0.00068   0.00084   6.41544 -16.97882 
  0.00068   0.00088   6.64449 -16.97882 
  0.00068   0.00092   6.62639 -16.97882 
  0.00072   0.00004   6.14390 -18.86214 
  0.00072   0.00008   6.65839 -18.86214 
  0.00072   0.00012   7.15768 -18.86214 
  0.00072   0.00016   6.40974 -18.86214 
  0.00072   0.00020   6.91402 -18.86214 
  0.00072   0.00024   7.24627 -18.86214 
  0.00072   0.00028   6.66350 -18.86214 
  0.00072   0.00032   6.12308 -18.86214 
  0.00072   0.00036   6.91421 -18.86214 
  0.00072   0.00040   6.41035 -18.86214 
  0.00072   0.00044   7.15948 -18.86214 
  0.00072   0.00048   6.05269 -18.86214 
  0.00072   0.00052   6.55842 -18.86214 
  0.00072   0.00056   5.80199 -18.86214 
  0.00072   0.00060   6.30585 -18.86214 
  0.00072   0.00064   5.55672 -18.86214 
  0.00072   0.00068   6.05269 -18.86214 
  0.00072   0.00072   7.24627 -18.86214 
  0.00072   0.00076   6.30585 -18.86214 
  0.00072   0.00080   5.80198 -18.86214 
  0.00072   0.00084   6.55840 -18.86214 
  0.00072   0.00088   6.05263 -18.86214 
  0.00072   0.00092   5.55651 -18.86214 
  0.00076   0.00004   5.85432 -19.99949 
  0.00076   0.00008   6.07879 -19.99949 
  0.00076   0.00012   5.98579 -19.99949 
  0.00076   0.00016   5.97506 -19.99949 
  0.00076   0.00020   6.12658 -19.99949 
  0.00076   0.00024   6.39462 -19.99949 
  0.00076   0.00028   6.39799 -19.99949 
  0.00076   0.00032   6.15911 -19.99949 
  0.00076   0.00036   6.01547 -19.99949 
  0.00076   0.00040   5.79398 -19.99949 
  0.00076   0.00044   5.72239 -19.99949 
  0.00076   0.00048   5.14393 -19.99949 
  0.00076   0.00052   5.37362 -19.99949 
  0.00076   0.00056   5.26532 -19.99949 
  0.00076   0.00060   5.52306 -19.99949 
  0.00076   0.00064   5.74590 -19.99949 
  0.00076   0.00068   5.65706 -19.99949 
  0.00076   0.00072   6.39462 -19.99949 
  0.00076   0.00076   5.82229 -19.99949 
  0.00076   0.00080   5.53935 -19.99949 
  0.00076   0.00084   5.55921 -19.99949 
  0.00076   0.00088   5.23140 -19.99949 
  0.00076   0.00092   5.51165 -19.99949 
  0.00080   0.00004   5.07077 -18.78759 
  0.00080   0.00008   5.35155 -18.78759 
  0.00080   0.00012   5.19727 -18.78759 
  0.00080   0.00016   5.37981 -18.78759 
  0.00080   0.00020   5.51856 -18.78759 
  0.00080   0.00024   5.71086 -18.78759 
  0.00080   0.00028   5.57938 -18.78759 
  0.00080   0.00032   5.31952 -18.78759 
  0.00080   0.00036   5.35760 -18.78759 
  0.00080   0.00040   5.24510 -18.78759 
  0.00080   0.00044   5.08499 -18.78759 
  0.00080   0.00048   4.82435 -18.78759 
  0.00080   0.00052   5.03614 -18.78759 
  0.00080   0.00056   4.94879 -18.78759 
  0.00080   0.00060   5.24589 -18.78759 
  0.00080   0.00064   5.28392 -18.78759 
  0.00080   0.00068   5.36183 -18.78759 
  0.00080   0.00072   5.71086 -18.78759 
  0.00080   0.00076   5.31492 -18.78759 
  0.00080   0.00080   5.28571 -18.78759 
  0.00080   0.00084   4.85517 -18.78759 
  0.00080   0.00088   4.88041 -18.78759 
  0.00080   0.00092   5.02456 -18.78759 
  0.00084   0.00004   4.61454 -16.83214 
  0.00084   0.00008   4.48973 -16.83214 
  0.00084   0.00012   4.79573 -16.83214 
  0.00084   0.00016   4.97405 -16.83214 
  0.00084   0.00020   5.01643 -16.83214 
  0.00084   0.00024   5.20446 -16.83214 
  0.00084   0.00028   4.89486 -16.83214 
  0.00084   0.00032   4.94492 -16.83214 
  0.00084   0.00036   4.74065 -16.83214 
  0.00084   0.00040   4.96153 -16.83214 
  0.00084   0.00044   4.65369 -16.83214 
  0.00084   0.00048   4.56761 -16.83214 
  0.00084   0.00052   4.69662 -16.83214 
  0.00084   0.00056   4.64828 -16.83214 
  0.00084   0.00060   4.85927 -16.83214 
  0.00084   0.00064   4.99180 -16.83214 
  0.00084   0.00068   5.10697 -16.83214 
  0.00084   0.00072   5.20446 -16.83214 
  0.00084   0.00076   4.95292 -16.83214 
  0.00084   0.00080   4.81297 -16.83214 
  0.00084   0.00084   4.83423 -16.83214 
  0.00084   0.00088   4.95862 -16.83214 
  0.00084   0.00092   4.65858 -16.83214 
  0.00088   0.00004   4.40744 -13.38960 
  0.00088   0.00008   4.42587 -13.38960 
  0.00088   0.00012   4.50108 -13.38960 
  0.00088   0.00016   4.67474 -13.38960 
  0.00088   0.00020   4.60430 -13.38960 
  0.00088   0.00024   4.88057 -13.38960 
  0.00088   0.00028   4.71524 -13.38960 
  0.00088   0.00032   4.45593 -13.38960 
  0.00088   0.00036   4.43756 -13.38960 
  0.00088   0.00040   4.48531 -13.38960 
  0.00088   0.00044   4.41249 -13.38960 
  0.00088   0.00048   4.29585 -13.38960 
  0.00088   0.00052   4.43268 -13.38960 
  0.00088   0.00056   4.47980 -13.38960 
  0.00088   0.00060   4.75688 -13.38960 
  0.00088   0.00064   4.73739 -13.38960 
  0.00088   0.00068   4.67591 -13.38960 
  0.00088   0.00072   4.88057 -13.38960 
  0.00088   0.00076   4.75939 -13.38960 
  0.00088   0.00080   4.63796 -13.38960 
  0.00088   0.00084   4.55723 -13.38960 
  0.00088   0.00088   4.54572 -13.38960 
  0.00088   0.00092   4.42811 -13.38960 
  0.00092   0.00004   4.18080  -8.68463 
  0.00092   0.00008   4.24954  -8.68463 
  0.00092   0.00012   4.40296  -8.68463 
  0.00092   0.00016   4.39607  -8.68463 
  0.00092   0.00020   4.34673  -8.68463 
  0.00092   0.00024   4.74209  -8.68463 
  0.00092   0.00028   4.48162  -8.68463 
  0.00092   0.00032   4.37931  -8.68463 
  0.00092   0.00036   4.27234  -8.68463 
  0.00092   0.00040   4.48850  -8.68463 
  0.00092   0.00044   4.32871  -8.68463 
  0.00092   0.00048   4.55996  -8.68463 
  0.00092   0.00052   4.52556  -8.68463 
  0.00092   0.00056   4.48170  -8.68463 
  0.00092   0.00060   4.60200  -8.68463 
  0.00092   0.00064   4.64172  -8.68463 
  0.00092   0.00068   4.66466  -8.68463 
  0.00092   0.00072   4.74209  -8.68463 
  0.00092   0.00076   4.49319  -8.68463 
  0.00092   0.00080   4.59278  -8.68463 
  0.00092   0.00084   4.42879  -8.68463 
  0.00092   0.00088   4.57539  -8.68463 
  0.00092   0.00092   4.37787  -8.68463 
  0.00096   0.00004   4.55891  -3.34845 
  0.00096   0.00008   4.55191  -3.34845 
  0.00096   0.00012   4.66730  -3.34845 
  0.00096   0.00016   4.65141  -3.34845 
  0.00096   0.00020   5.01789  -3.34845 
  0.00096   0.00024   4.51169  -3.34845 
  0.00096   0.00028   4.62754  -3.34845 
  0.00096   0.00032   4.75684  -3.34845 
  0.00096   0.00036   4.55616  -3.34845 
  0.00096   0.00040   4.78512  -3.34845 
  0.00096   0.00044   4.75756  -3.34845 
  0.00096   0.00048   4.29802  -3.34845 
  0.00096   0.00052   4.36688  -3.34845 
  0.00096   0.00056   4.36284  -3.34845 
  0.00096   0.00060   4.35987  -3.34845 
  0.00096   0.00064   4.43521  -3.34845 
  0.00096   0.00068   4.41169  -3.34845 
  0.00096   0.00072   4.51169  -3.34845 
  0.00096   0.00076   4.81994  -3.34845 
  0.00096   0.00080   4.47674  -3.34845 
  0.00096   0.00084   4.37883  -3.34845 
  0.00096   0.00088   4.47783  -3.34845 
  0.00096   0.00092   4.16832  -3.34845 
  0.00100   0.00004   5.03955   3.35904 
  0.00100   0.00008   4.89437   3.35904 
  0.00100   0.00012   5.07619   3.35904 
  0.00100   0.00016   4.97515   3.35904 
  0.00100   0.00020   5.20252   3.35904 
  0.00100   0.00024   4.78835   3.35904 
  0.00100   0.00028   4.98178   3.35904 
  0.00100   0.00032   5.03967   3.35904 
  0.00100   0.00036   5.01328   3.35904 
  0.00100   0.00040   5.09564   3.35904 
  0.00100   0.00044   4.98090   3.35904 
  0.00100   0.00048   4.33057   3.35904 
  0.00100   0.00052   4.29709   3.35904 
  0.00100   0.00056   4.39410   3.35904 
  0.00100   0.00060   4.64744   3.35904 
  0.00100   0.00064   4.67787   3.35904 
  0.00100   0.00068   4.80382   3.35904 
  0.00100   0.00072   4.78835   3.35904 
  0.00100   0.00076   5.00768   3.35904 
  0.00100   0.00080   4.74432   3.35904 
  0.00100   0.00084   4.56340   3.35904 
  0.00100   0.00088   4.56414   3.35904 
  0.00100   0.00092   4.35589   3.35904 
  0.00104   0.00004   5.55095  10.30477 
  0.00104   0.00008   5.47395  10.30477 
  0.00104   0.00012   5.52562  10.30477 
  0.00104   0.00016   5.55843  10.30477 
  0.00104   0.00020   5.56769  10.30477 
  0.00104   0.00024   5.26569  10.30477 
  0.00104   0.00028   5.51419  10.30477 
  0.00104   0.00032   5.54188  10.30477 
  0.00104   0.00036   5.37882  10.30477 
  0.00104   0.00040   5.48472  10.30477 
  0.00104   0.00044   5.35601  10.30477 
  0.00104   0.00048   4.36846  10.30477 
  0.00104   0.00052   4.55484  10.30477 
  0.00104   0.00056   4.82607  10.30477 
  0.00104   0.00060   4.92460  10.30477 
  0.00104   0.00064   5.15202  10.30477 
  0.00104   0.00068   5.15914  10.30477 
  0.00104   0.00072   5.26569  10.30477 
  0.00104   0.00076   5.38158  10.30477 
  0.00104   0.00080   5.03334  10.30477 
  0.00104   0.00084   4.73697  10.30477 
  0.00104   0.00088   4.76958  10.30477 
  0.00104   0.00092   4.74999  10.30477 
  0.00108   0.00004   6.21570  17.72699 
  0.00108   0.00008   6.08893  17.72699 
  0.00108   0.00012   6.10618  17.72699 
  0.00108   0.00016   6.25531  17.72699 
  0.00108   0.00020   6.27837  17.72699 
  0.00108   0.00024   5.94060  17.72699 
  0.00108   0.00028   6.05443  17.72699 
  0.00108   0.00032   6.20787  17.72699 
  0.00108   0.00036   6.19269  17.72699 
  0.00108   0.00040   6.22747  17.72699 
  0.00108   0.00044   6.02065  17.72699 
  0.00108   0.00048   5.04109  17.72699 
  0.00108   0.00052   5.01378  17.72699 
  0.00108   0.00056   5.08025  17.72699 
  0.00108   0.00060   5.38734  17.72699 
  0.00108   0.00064   5.55909  17.72699 
  0.00108   0.00068   5.87530  17.72699 
  0.00108   0.00072   5.94060  17.72699 
  0.00108   0.00076   5.89108  17.72699 
  0.00108   0.00080   5.46488  17.72699 
  0.00108   0.00084   5.35361  17.72699 
  0.00108   0.00088   5.28359  17.72699 
  0.00108   0.00092   5.20915  17.72699 
  0.00112   0.00004   7.07640  25.14133 
  0.00112   0.00008   7.09483  25.14133 
  0.00112   0.00012   7.19786  25.14133 
  0.00112   0.00016   7.04282  25.14133 
  0.00112   0.00020   7.17722  25.14133 
  0.00112   0.00024   6.80382  25.14133 
  0.00112   0.00028   7.12288  25.14133 
  0.00112   0.00032   7.16404  25.14133 
  0.00112   0.00036   7.08158  25.14133 
  0.00112   0.00040   7.23706  25.14133 
  0.00112   0.00044   7.16404  25.14133 
  0.00112   0.00048   5.41594  25.14133 
  0.00112   0.00052   5.63375  25.14133 
  0.00112   0.00056   5.61884  25.14133 
  0.00112   0.00060   5.61850  25.14133 
  0.00112   0.00064   6.13768  25.14133 
  0.00112   0.00068   6.39000  25.14133 
  0.00112   0.00072   6.80382  25.14133 
  0.00112   0.00076   6.45039  25.14133 
  0.00112   0.00080   6.17194  25.14133 
  0.00112   0.00084   5.99965  25.14133 
  0.00112   0.00088   5.73962  25.14133 
  0.00112   0.00092   5.54643  25.14133 
  0.00116   0.00004   8.39012  32.55174 
  0.00116   0.00008   8.19947  32.55174 
  0.00116   0.00012   8.42326  32.55174 
  0.00116   0.00016   8.39459  32.55174 
  0.00116   0.00020   8.39749  32.55174 
  0.00116   0.00024   7.83719  32.55174 
  0.00116   0.00028   8.15034  32.55174 
  0.00116   0.00032   8.32050  32.55174 
  0.00116   0.00036   8.20279  32.55174 
  0.00116   0.00040   8.21893  32.55174 
  0.00116   0.00044   8.49646  32.55174 
  0.00116   0.00048   6.42520  32.55174 
  0.00116   0.00052   6.17670  32.55174 
  0.00116   0.00056   6.40038  32.55174 
  0.00116   0.00060   6.50040  32.55174 
  0.00116   0.00064   6.52683  32.55174 
  0.00116   0.00068   7.13815  32.55174 
  0.00116   0.00072   7.83719  32.55174 
  0.00116   0.00076   6.95689  32.55174 
  0.00116   0.00080   6.55055  32.55174 
  0.00116   0.00084   6.36900  32.55174 
  0.00116   0.00088   6.43908  32.55174 
  0.00116   0.00092   6.07042  32.55174 
  0.00120   0.00004   9.66398  39.22496 
  0.00120   0.00008   9.78334  39.22496 
  0.00120   0.00012  10.02142  39.22496 
  0.00120   0.00016   9.73108  39.22496 
  0.00120   0.00020   9.82160  39.22496 
  0.00120   0.00024   9.01132  39.22496 
  0.00120   0.00028   9.78350  39.22496 
  0.00120   0.00032   9.66468  39.22496 
  0.00120   0.00036   9.82161  39.22496 
  0.00120   0.00040   9.73110  39.22496 
  0.00120   0.00044   9.61333  39.22496 
  0.00120   0.00048   7.05837  39.22496 
  0.00120   0.00052   7.17719  39.22496 
  0.00120   0.00056   7.02026  39.22496 
  0.00120   0.00060   7.11077  39.22496 
  0.00120   0.00064   6.99627  39.22496 
  0.00120   0.00068   7.05837  39.22496 
  0.00120   0.00072   9.01132  39.22496 
  0.00120   0.00076   7.11076  39.22496 
  0.00120   0.00080   7.02024  39.22496 
  0.00120   0.00084   7.17713  39.22496 
  0.00120   0.00088   7.05813  39.22496 
  0.00120   0.00092   6.99547  39.22496 
  0.00124   0.00004  11.50797  45.43471 
  0.00124   0.00008  11.55917  45.43471 
  0.00124   0.00012  11.59472  45.43471 
  0.00124   0.00016  11.59961  45.43471 
  0.00124   0.00020  11.81945  45.43471 
  0.00124   0.00024  11.82145  45.43471 
  0.00124   0.00028  11.67181  45.43471 
  0.00124   0.00032  11.58419  45.43471 
  0.00124   0.00036  11.41870  45.43471 
  0.00124   0.00040  11.46745  45.43471 
  0.00124   0.00044  11.43978  45.43471 
  0.00124   0.00048   8.22056  45.43471 
  0.00124   0.00052   8.06836  45.43471 
  0.00124   0.00056   8.03048  45.43471 
  0.00124   0.00060   7.96047  45.43471 
  0.00124   0.00064   7.81666  45.43471 
  0.00124   0.00068   7.36050  45.43471 
  0.00124   0.00072   6.84327  45.43471 
  0.00124   0.00076   7.19982  45.43471 
  0.00124   0.00080   7.66003  45.43471 
  0.00124   0.00084   7.98557  45.43471 
  0.00124   0.00088   7.97359  45.43471 
  0.00124   0.00092   8.13666  45.43471 
  0.00128   0.00004  13.33714  50.71752 
  0.00128   0.00008  13.18902  50.71752 
  0.00128   0.00012  13.16915  50.71752 
  0.00128   0.00016  13.69422  50.71752 
  0.00128   0.00020  13.78513  50.71752 
  0.00128   0.00024  14.53311  50.71752 
  0.00128   0.00028  13.79176  50.71752 
  0.00128   0.00032  13.53980  50.71752 
  0.00128   0.00036  13.61595  50.71752 
  0.00128   0.00040  13.35882  50.71752 
  0.00128   0.00044  13.15692  50.71752 
  0.00128   0.00048   9.51097  50.71752 
  0.00128   0.00052   9.41727  50.71752 
  0.00128   0.00056   9.36218  50.71752 
  0.00128   0.00060   9.18268  50.71752 
  0.00128   0.00064   8.94053  50.71752 
  0.00128   0.00068   8.78342  50.71752 
  0.00128   0.00072   8.00932  50.71752 
  0.00128   0.00076   8.58068  50.71752 
  0.00128   0.00080   8.99807  50.71752 
  0.00128   0.00084   9.42538  50.71752 
  0.00128   0.00088   9.54014  50.71752 
  0.00128   0.00092   9.59869  50.71752 
  0.00132   0.00004  15.02436  54.72864 
  0.00132   0.00008  15.52514  54.72864 
  0.00132   0.00012  15.50223  54.72864 
  0.00132   0.00016  15.54582  54.72864 
  0.00132   0.00020  15.72950  54.72864 
  0.00132   0.00024  15.55264  54.72864 
  0.00132   0.00028  15.65090  54.72864 
  0.00132   0.00032  15.66749  54.72864 
  0.00132   0.00036  15.34836  54.72864 
  0.00132   0.00040  15.32519  54.72864 
  0.00132   0.00044  14.97909  54.72864 
  0.00132   0.00048  11.41503  54.72864 
  0.00132   0.00052  11.21163  54.72864 
  0.00132   0.00056  11.64345  54.72864 
  0.00132   0.00060  10.88939  54.72864 
  0.00132   0.00064  10.87446  54.72864 
  0.00132   0.00068  10.80595  54.72864 
  0.00132   0.00072  10.93345  54.72864 
  0.00132   0.00076  10.88807  54.72864 
  0.00132   0.00080  10.91838  54.72864 
  0.00132   0.00084  11.04239  54.72864 
  0.00132   0.00088  10.75012  54.72864 
  0.00132   0.00092  11.26671  54.72864 
  0.00136   0.00004  16.84677  58.10391 
  0.00136   0.00008  16.64567  58.10391 
  0.00136   0.00012  16.94534  58.10391 
  0.00136   0.00016  17.31220  58.10391 
  0.00136   0.00020  17.12699  58.10391 
  0.00136   0.00024  15.67987  58.10391 
  0.00136   0.00028  17.04418  58.10391 
  0.00136   0.00032  17.25509  58.10391 
  0.00136   0.00036  16.74917  58.10391 
  0.00136   0.00040  17.02499  58.10391 
  0.00136   0.00044  16.59829  58.10391 
  0.00136   0.00048  13.44022  58.10391 
  0.00136   0.00052  12.94405  58.10391 
  0.00136   0.00056  13.02529  58.10391 
  0.00136   0.00060  12.66456  58.10391 
  0.00136   0.00064  13.04798  58.10391 
  0.00136   0.00068  13.20068  58.10391 
  0.00136   0.00072  14.58224  58.10391 
  0.00136   0.00076  12.81442  58.10391 
  0.00136   0.00080  13.01635  58.10391 
  0.00136   0.00084  12.86445  58.10391 
  0.00136   0.00088  13.25076  58.10391 
  0.00136   0.00092  13.21779  58.10391 
  0.00140   0.00004  18.03077  59.24126 
  0.00140   0.00008  18.49850  59.24126 
  0.00140   0.00012  18.71454  59.24126 
  0.00140   0.00016  18.82295  59.24126 
  0.00140   0.00020  18.80093  59.24126 
  0.00140   0.00024  19.16985  59.24126 
  0.00140   0.00028  18.97086  59.24126 
  0.00140   0.00032  18.68675  59.24126 
  0.00140   0.00036  18.56349  59.24126 
  0.00140   0.00040  18.54481  59.24126 
  0.00140   0.00044  18.19872  59.24126 
  0.00140   0.00048  15.40886  59.24126 
  0.00140   0.00052  15.13457  59.24126 
  0.00140   0.00056  15.12291  59.24126 
  0.00140   0.00060  14.87600  59.24126 
  0.00140   0.00064  15.10483  59.24126 
  0.00140   0.00068  14.75986  59.24126 
  0.00140   0.00072  14.59403  59.24126 
  0.00140   0.00076  14.75923  59.24126 
  0.00140   0.00080  15.23620  59.24126 
  0.00140   0.00084  15.08703  59.24126 
  0.00140   0.00088  14.82317  59.24126 
  0.00140   0.00092  15.01562  59.24126 
