     9.917
     9.769
     9.569
     9.330
     9.062
     8.774
     8.472
     8.066
     7.476
     6.727
     5.841
     4.838
     3.739
     2.562
     1.324
     0.041
     0.000
     0.000
     0.000
     0.000
     0.000
     0.000
     0.000
     0.000
     0.000
     0.000
     0.000
     0.000
     0.000
     0.000
     0.000
     0.000
     0.000
     0.000
     0.000
     0.000
     0.000
     0.000
     0.000
     0.000
     0.000
     0.000
     0.000
     0.000
     0.000
     0.000
     0.000
     0.000
     0.000
     0.000
     0.000
     0.000
     0.000
     0.000
     0.000
     0.526
     1.630
     2.679
     3.674
     4.614
     5.501
     6.336
     7.121
     7.857
     8.546
     9.191
     9.792
    10.354
    10.876
    11.362
    11.814
    12.233
    12.621
    12.980
    13.313
    13.619
    13.902
    14.163
    14.402
    14.623
    14.824
    15.009
    15.178
    15.333
    15.473
    15.601
    15.717
    15.821
    15.916
    16.001
    16.076
    16.144
    16.204
    16.256
    16.303
    16.342
    16.376
    16.405
    16.429
    16.448
