-2.9767 -0.99997
-2.9533 -0.99997
-2.93 -0.99997
-2.9067 -0.99996
-2.8833 -0.99995
-2.86 -0.99995
-2.8367 -0.99994
-2.8133 -0.99993
-2.79 -0.99992
-2.7667 -0.99991
-2.7433 -0.9999
-2.72 -0.99988
-2.6967 -0.99986
-2.6733 -0.99984
-2.65 -0.99982
-2.6267 -0.9998
-2.6033 -0.99977
-2.58 -0.99974
-2.5567 -0.9997
-2.5333 -0.99966
-2.51 -0.99961
-2.4867 -0.99956
-2.4633 -0.99951
-2.44 -0.99944
-2.4167 -0.99937
-2.3933 -0.99929
-2.37 -0.9992
-2.3467 -0.9991
-2.3233 -0.99898
-2.3 -0.99886
-2.2767 -0.99872
-2.2533 -0.99856
-2.23 -0.99839
-2.2067 -0.9982
-2.1833 -0.99798
-2.16 -0.99775
-2.1367 -0.99749
-2.1133 -0.9972
-2.09 -0.99688
-2.0667 -0.99653
-2.0433 -0.99614
-2.02 -0.99572
-1.9967 -0.99525
-1.9733 -0.99474
-1.95 -0.99418
-1.9267 -0.99356
-1.9033 -0.99289
-1.88 -0.99216
-1.8567 -0.99135
-1.8333 -0.99048
-1.81 -0.98952
-1.7867 -0.98849
-1.7633 -0.98736
-1.74 -0.98613
-1.7167 -0.98481
-1.6933 -0.98337
-1.67 -0.98181
-1.6467 -0.98013
-1.6233 -0.97831
-1.6 -0.97635
-1.5767 -0.97424
-1.5533 -0.97196
-1.53 -0.96952
-1.5067 -0.96689
-1.4833 -0.96407
-1.46 -0.96105
-1.4367 -0.95782
-1.4133 -0.95437
-1.39 -0.95067
-1.3667 -0.94673
-1.3433 -0.94254
-1.32 -0.93807
-1.2967 -0.93331
-1.2733 -0.92826
-1.25 -0.9229
-1.2267 -0.91722
-1.2033 -0.9112
-1.18 -0.90484
-1.1567 -0.89811
-1.1333 -0.89102
-1.11 -0.88353
-1.0867 -0.87565
-1.0633 -0.86736
-1.04 -0.85865
-1.0167 -0.8495
-0.99333 -0.83991
-0.97 -0.82987
-0.94667 -0.81936
-0.92333 -0.80838
-0.9 -0.79691
-0.87667 -0.78495
-0.85333 -0.77249
-0.83 -0.75952
-0.80667 -0.74605
-0.78333 -0.73205
-0.76 -0.71754
-0.73667 -0.7025
-0.71333 -0.68693
-0.69 -0.67084
-0.66667 -0.65422
-0.64333 -0.63708
-0.62 -0.61941
-0.59667 -0.60123
-0.57333 -0.58253
-0.55 -0.56332
-0.52667 -0.54362
-0.50333 -0.52342
-0.48 -0.50275
-0.45667 -0.48161
-0.43333 -0.46001
-0.41 -0.43797
-0.38667 -0.4155
-0.36333 -0.39263
-0.34 -0.36936
-0.31667 -0.34573
-0.29333 -0.32174
-0.27 -0.29742
-0.24667 -0.27279
-0.22333 -0.24788
-0.2 -0.2227
-0.17667 -0.19729
-0.15333 -0.17167
-0.13 -0.14587
-0.10667 -0.11991
-0.083333 -0.093814
-0.06 -0.067622
-0.036667 -0.041355
-0.013333 -0.015044
0.01 0.011283
0.033333 0.037599
0.056667 0.063873
0.08 0.090078
0.10333 0.11619
0.12667 0.14217
0.15 0.168
0.17333 0.19364
0.19667 0.21909
0.22 0.2443
0.24333 0.26925
0.26667 0.29392
0.29 0.31828
0.31333 0.34232
0.33667 0.36601
0.36 0.38933
0.38333 0.41226
0.40667 0.43479
0.43 0.45689
0.45333 0.47855
0.47667 0.49976
0.5 0.5205
0.52333 0.54076
0.54667 0.56054
0.57 0.57982
0.59333 0.59859
0.61667 0.61685
0.64 0.63459
0.66333 0.6518
0.68667 0.6685
0.71 0.68467
0.73333 0.70031
0.75667 0.71542
0.78 0.73001
0.80333 0.74408
0.82667 0.75763
0.85 0.77067
0.87333 0.7832
0.89667 0.79523
0.92 0.80677
0.94333 0.81782
0.96667 0.8284
0.99 0.83851
1.0133 0.84816
1.0367 0.85737
1.06 0.86614
1.0833 0.87449
1.1067 0.88243
1.13 0.88997
1.1533 0.89712
1.1767 0.9039
1.2 0.91031
1.2233 0.91638
1.2467 0.92211
1.27 0.92751
1.2933 0.93261
1.3167 0.9374
1.34 0.94191
1.3633 0.94615
1.3867 0.95013
1.41 0.95385
1.4333 0.95734
1.4567 0.96061
1.48 0.96365
1.5033 0.9665
1.5267 0.96915
1.55 0.97162
1.5733 0.97392
1.5967 0.97606
1.62 0.97804
1.6433 0.97988
1.6667 0.98158
1.69 0.98315
1.7133 0.98461
1.7367 0.98595
1.76 0.98719
1.7833 0.98833
1.8067 0.98938
1.83 0.99035
1.8533 0.99123
1.8767 0.99205
1.9 0.99279
1.9233 0.99347
1.9467 0.99409
1.97 0.99466
1.9933 0.99518
2.0167 0.99566
2.04 0.99609
2.0633 0.99648
2.0867 0.99683
2.11 0.99715
2.1333 0.99745
2.1567 0.99771
2.18 0.99795
2.2033 0.99817
2.2267 0.99836
2.25 0.99854
2.2733 0.9987
2.2967 0.99884
2.32 0.99897
2.3433 0.99908
2.3667 0.99918
2.39 0.99928
2.4133 0.99936
2.4367 0.99943
2.46 0.9995
2.4833 0.99956
2.5067 0.99961
2.53 0.99965
2.5533 0.99969
2.5767 0.99973
2.6 0.99976
2.6233 0.99979
2.6467 0.99982
2.67 0.99984
2.6933 0.99986
2.7167 0.99988
2.74 0.99989
2.7633 0.99991
2.7867 0.99992
2.81 0.99993
2.8333 0.99994
2.8567 0.99995
2.88 0.99995
2.9033 0.99996
2.9267 0.99997
2.95 0.99997
2.9733 0.99997
2.9967 0.99998
3.02 0.99998
3.0433 0.99998
3.0667 0.99999
3.09 0.99999
3.1133 0.99999
3.1367 0.99999
3.16 0.99999
3.1833 0.99999
3.2067 0.99999
3.23 1
3.2533 1
3.2767 1
3.3 1
3.3233 1
3.3467 1
3.37 1
3.3933 1
3.4167 1
3.44 1
3.4633 1
3.4867 1
3.51 1
3.5333 1
3.5567 1
3.58 1
3.6033 1
3.6267 1
3.65 1
3.6733 1
3.6967 1
3.72 1
3.7433 1
3.7667 1
3.79 1
3.8133 1
3.8367 1
3.86 1
3.8833 1
3.9067 1
3.93 1
3.9533 1
3.9767 1
4 1
