   0.000   -0.011    0.000 
   0.025   -0.156    0.020 
   0.050   -0.301    0.061 
   0.075   -0.446    0.121 
   0.100   -0.591    0.201 
   0.125   -0.736    0.300 
   0.150   -0.881    0.417 
   0.175   -1.026    0.554 
   0.200   -1.171    0.708 
   0.225   -1.317    0.881 
   0.250   -1.462    1.071 
   0.275   -1.607    1.278 
   0.300   -1.752    1.503 
   0.325   -1.897    1.745 
   0.350   -2.042    2.003 
   0.375   -2.187    2.278 
   0.400   -2.332    2.568 
   0.425   -2.477    2.875 
   0.450   -2.622    3.197 
   0.475   -2.768    3.534 
   0.500   -2.913    3.887 
   0.525   -3.058    4.254 
   0.550   -3.203    4.636 
   0.575   -3.509    5.032 
   0.600   -3.936    5.443 
   0.625   -4.363    5.867 
   0.650   -4.790    6.305 
   0.675   -5.218    6.756 
   0.700   -5.645    7.221 
   0.725   -6.072    7.698 
   0.750   -6.499    8.188 
   0.775   -6.927    8.691 
   0.800   -7.354    9.207 
   0.825   -7.781    9.734 
   0.850   -8.208   10.273 
   0.875   -8.636   10.825 
   0.900   -9.063   11.387 
   0.925   -9.490   11.961 
   0.950   -9.917   12.547 
   0.975  -10.345   13.143 
   1.000  -10.772   13.750 
   1.025  -11.199   14.347 
   1.050  -11.626   14.935 
   1.075  -12.054   15.513 
   1.100  -12.481   16.082 
   1.125  -12.908   16.641 
   1.150  -13.335   17.191 
   1.175  -13.763   17.733 
   1.200  -14.190   18.265 
   1.225  -14.617   18.789 
   1.250  -15.044   19.304 
   1.275  -15.472   19.811 
   1.300  -15.899   20.309 
   1.325  -16.326   20.799 
   1.350  -16.753   21.280 
   1.375  -17.181   21.754 
   1.400  -17.608   22.220 
   1.425  -18.035   22.678 
   1.450  -18.462   23.128 
   1.475  -18.889   23.570 
   1.500  -19.317   24.006 
   1.525  -19.744   24.433 
   1.550  -20.171   24.854 
   1.575  -20.598   25.267 
   1.600  -21.026   25.673 
   1.625  -21.453   26.072 
   1.650  -21.880   26.464 
   1.675  -22.307   26.849 
   1.700  -22.735   27.228 
   1.725  -23.162   27.600 
   1.750  -23.589   27.965 
   1.775  -24.016   28.324 
   1.800  -24.444   28.677 
   1.825  -24.871   29.023 
   1.850  -25.291   29.363 
   1.875  -25.710   29.698 
   1.900  -26.129   30.026 
   1.925  -26.548   30.348 
   1.950  -26.967   30.664 
   1.975  -27.387   30.975 
   2.000  -27.806   31.280 
   2.025  -28.225   31.579 
   2.050  -28.644   31.873 
   2.075  -29.063   32.161 
   2.100  -29.482   32.444 
   2.125  -29.902   32.722 
   2.150  -30.321   32.994 
   2.175  -30.740   33.262 
   2.200  -31.159   33.524 
   2.225  -31.578   33.781 
   2.250  -31.998   34.034 
   2.275  -32.417   34.281 
   2.300  -32.836   34.524 
   2.325  -33.255   34.762 
   2.350  -33.674   34.995 
   2.375  -34.093   35.224 
   2.400  -34.513   35.448 
   2.425  -34.932   35.668 
   2.450  -35.351   35.883 
   2.475  -35.630   36.094 
   2.500  -35.824   36.301 
   2.525  -36.017   36.503 
   2.550  -36.211   36.702 
   2.575  -36.404   36.896 
   2.600  -36.598   37.086 
   2.625  -36.791   37.272 
   2.650  -36.984   37.454 
   2.675  -37.178   37.633 
   2.700  -37.371   37.807 
   2.725  -37.565   37.978 
   2.750  -37.758   38.145 
   2.775  -37.952   38.309 
   2.800  -38.145   38.469 
   2.825  -38.339   38.625 
   2.850  -38.532   38.778 
   2.875  -38.726   38.927 
   2.900  -38.919   39.073 
   2.925  -39.113   39.216 
   2.950  -39.306   39.355 
   2.975  -39.500   39.491 
   3.000  -39.693   39.624 
   3.025  -39.887   39.753 
   3.050  -40.080   39.880 
   3.075  -40.273   40.003 
   3.100  -40.438   40.123 
   3.125  -40.534   40.241 
   3.150  -40.631   40.355 
   3.175  -40.728   40.467 
   3.200  -40.824   40.576 
   3.225  -40.921   40.681 
   3.250  -41.018   40.785 
   3.275  -41.115   40.885 
   3.300  -41.211   40.982 
   3.325  -41.308   41.077 
   3.350  -41.405   41.170 
   3.375  -41.502   41.260 
   3.400  -41.598   41.347 
   3.425  -41.695   41.432 
   3.450  -41.792   41.514 
   3.475  -41.889   41.594 
   3.500  -41.985   41.671 
   3.525  -42.082   41.746 
   3.550  -42.179   41.819 
   3.575  -42.276   41.889 
   3.600  -42.372   41.957 
   3.625  -42.469   42.023 
   3.650  -42.566   42.087 
   3.675  -42.662   42.148 
   3.700  -42.759   42.208 
   3.725  -42.856   42.265 
   3.750  -42.857   42.320 
   3.775  -42.857   42.373 
   3.800  -42.857   42.424 
   3.825  -42.857   42.474 
   3.850  -42.857   42.521 
   3.875  -42.857   42.566 
   3.900  -42.857   42.610 
   3.925  -42.857   42.651 
   3.950  -42.857   42.691 
   3.975  -42.857   42.729 
   4.000  -42.857   42.765 
   4.025  -42.857   42.799 
   4.050  -42.857   42.832 
   4.075  -42.857   42.863 
   4.100  -42.857   42.892 
   4.125  -42.857   42.919 
   4.150  -42.857   42.945 
   4.175  -42.857   42.970 
   4.200  -42.857   42.992 
   4.225  -42.857   43.013 
   4.250  -42.857   43.033 
   4.275  -42.857   43.051 
   4.300  -42.857   43.068 
   4.325  -42.857   43.083 
   4.350  -42.857   43.097 
   4.375  -42.841   43.109 
   4.400  -42.817   43.120 
   4.425  -42.793   43.129 
   4.450  -42.768   43.138 
   4.475  -42.744   43.144 
   4.500  -42.720   43.150 
   4.525  -42.696   43.154 
   4.550  -42.672   43.157 
   4.575  -42.647   43.159 
   4.600  -42.623   43.159 
   4.625  -42.599   43.158 
   4.650  -42.575   43.156 
   4.675  -42.551   43.153 
   4.700  -42.527   43.149 
   4.725  -42.502   43.143 
   4.750  -42.478   43.137 
   4.775  -42.454   43.129 
   4.800  -42.430   43.120 
   4.825  -42.406   43.110 
   4.850  -42.381   43.099 
   4.875  -42.357   43.087 
   4.900  -42.333   43.074 
   4.925  -42.309   43.060 
   4.950  -42.285   43.045 
   4.975  -42.261   43.029 
   5.000  -42.236   43.012 
   5.025  -42.212   42.995 
   5.050  -42.188   42.976 
   5.075  -42.164   42.956 
   5.100  -42.140   42.935 
   5.125  -42.115   42.914 
   5.150  -42.091   42.891 
   5.175  -42.067   42.868 
   5.200  -42.043   42.844 
   5.225  -42.019   42.819 
   5.250  -41.994   42.793 
   5.275  -41.970   42.767 
   5.300  -41.946   42.740 
   5.325  -41.922   42.711 
   5.350  -41.898   42.683 
   5.375  -41.874   42.653 
   5.400  -41.849   42.623 
   5.425  -41.825   42.591 
   5.450  -41.801   42.560 
   5.475  -41.777   42.527 
   5.500  -41.753   42.494 
   5.525  -41.728   42.460 
   5.550  -41.704   42.425 
   5.575  -41.680   42.390 
   5.600  -41.656   42.354 
   5.625  -41.630   42.318 
   5.650  -41.571   42.281 
   5.675  -41.512   42.243 
   5.700  -41.453   42.205 
   5.725  -41.394   42.166 
   5.750  -41.335   42.126 
   5.775  -41.276   42.086 
   5.800  -41.217   42.046 
   5.825  -41.157   42.004 
   5.850  -41.098   41.963 
   5.875  -41.039   41.920 
   5.900  -40.980   41.878 
   5.925  -40.921   41.834 
   5.950  -40.862   41.790 
   5.975  -40.803   41.746 
   6.000  -40.744   41.701 
   6.025  -40.685   41.656 
   6.050  -40.625   41.610 
   6.075  -40.566   41.564 
   6.100  -40.507   41.517 
   6.125  -40.448   41.470 
   6.150  -40.389   41.423 
   6.175  -40.330   41.375 
   6.200  -40.271   41.326 
   6.225  -40.212   41.278 
   6.250  -40.153   41.228 
   6.275  -40.093   41.179 
   6.300  -40.034   41.129 
   6.325  -39.975   41.079 
   6.350  -39.916   41.028 
   6.375  -39.857   40.977 
   6.400  -39.798   40.925 
   6.425  -39.739   40.873 
   6.450  -39.680   40.821 
   6.475  -39.620   40.769 
   6.500  -39.561   40.716 
   6.525  -39.502   40.663 
   6.550  -39.443   40.609 
   6.575  -39.384   40.555 
   6.600  -39.325   40.501 
   6.625  -39.266   40.447 
   6.650  -39.207   40.392 
   6.675  -39.148   40.337 
   6.700  -39.088   40.282 
   6.725  -39.029   40.226 
   6.750  -38.970   40.171 
   6.775  -38.911   40.115 
   6.800  -38.852   40.058 
   6.825  -38.793   40.002 
   6.850  -38.734   39.945 
   6.875  -38.675   39.888 
   6.900  -38.616   39.830 
   6.925  -38.556   39.773 
   6.950  -38.497   39.715 
   6.975  -38.438   39.657 
   7.000  -38.379   39.599 
   7.025  -38.320   39.540 
   7.050  -38.261   39.482 
   7.075  -38.202   39.423 
   7.100  -38.143   39.364 
   7.125  -38.083   39.305 
   7.150  -38.024   39.245 
   7.175  -37.965   39.186 
   7.200  -37.906   39.126 
   7.225  -37.847   39.066 
   7.250  -37.788   39.006 
   7.275  -37.729   38.946 
   7.300  -37.670   38.885 
   7.325  -37.611   38.825 
   7.350  -37.551   38.764 
   7.375  -37.492   38.703 
   7.400  -37.433   38.642 
   7.425  -37.374   38.581 
   7.450  -37.315   38.519 
   7.475  -37.256   38.458 
   7.500  -37.197   38.396 
   7.525  -37.137   38.335 
   7.550  -37.068   38.273 
   7.575  -37.000   38.211 
   7.600  -36.931   38.149 
   7.625  -36.863   38.087 
   7.650  -36.794   38.024 
   7.675  -36.726   37.962 
   7.700  -36.657   37.899 
   7.725  -36.589   37.837 
   7.750  -36.520   37.774 
   7.775  -36.452   37.711 
   7.800  -36.383   37.648 
   7.825  -36.315   37.586 
   7.850  -36.246   37.523 
   7.875  -36.178   37.459 
   7.900  -36.109   37.396 
   7.925  -36.040   37.333 
   7.950  -35.972   37.270 
   7.975  -35.903   37.206 
   8.000  -35.835   37.143 
   8.025  -35.766   37.079 
   8.050  -35.698   37.016 
   8.075  -35.629   36.952 
   8.100  -35.561   36.888 
   8.125  -35.492   36.825 
   8.150  -35.424   36.761 
   8.175  -35.355   36.697 
   8.200  -35.287   36.633 
   8.225  -35.218   36.569 
   8.250  -35.150   36.505 
   8.275  -35.081   36.441 
   8.300  -35.013   36.377 
   8.325  -34.944   36.313 
   8.350  -34.876   36.249 
   8.375  -34.807   36.185 
   8.400  -34.739   36.121 
   8.425  -34.670   36.057 
   8.450  -34.602   35.993 
   8.475  -34.533   35.929 
   8.500  -34.464   35.864 
   8.525  -34.396   35.800 
   8.550  -34.327   35.736 
   8.575  -34.259   35.672 
   8.600  -34.190   35.607 
   8.625  -34.122   35.543 
   8.650  -34.053   35.479 
   8.675  -33.985   35.415 
   8.700  -33.916   35.350 
   8.725  -33.848   35.286 
   8.750  -33.779   35.222 
   8.775  -33.711   35.158 
   8.800  -33.642   35.093 
   8.825  -33.574   35.029 
   8.850  -33.505   34.965 
   8.875  -33.437   34.901 
   8.900  -33.368   34.836 
   8.925  -33.300   34.772 
   8.950  -33.231   34.708 
   8.975  -33.163   34.644 
   9.000  -33.094   34.580 
   9.025  -33.026   34.516 
   9.050  -32.957   34.452 
   9.075  -32.889   34.388 
   9.100  -32.820   34.324 
   9.125  -32.751   34.260 
   9.150  -32.683   34.196 
   9.175  -32.614   34.132 
   9.200  -32.546   34.068 
   9.225  -32.477   34.004 
   9.250  -32.409   33.940 
   9.275  -32.340   33.876 
   9.300  -32.272   33.812 
   9.325  -32.203   33.749 
   9.350  -32.135   33.685 
   9.375  -32.066   33.621 
   9.400  -31.998   33.558 
   9.425  -31.929   33.494 
   9.450  -31.861   33.430 
   9.475  -31.792   33.367 
   9.500  -31.724   33.304 
   9.525  -31.655   33.240 
   9.550  -31.587   33.177 
   9.575  -31.518   33.113 
   9.600  -31.450   33.050 
   9.625  -31.381   32.987 
   9.650  -31.313   32.924 
   9.675  -31.244   32.861 
   9.700  -31.176   32.798 
   9.725  -31.107   32.735 
   9.750  -31.038   32.672 
   9.775  -30.970   32.609 
   9.800  -30.901   32.546 
   9.825  -30.833   32.483 
   9.850  -30.764   32.421 
   9.875  -30.696   32.358 
   9.900  -30.627   32.295 
   9.925  -30.559   32.233 
   9.950  -30.490   32.170 
   9.975  -30.422   32.108 
  10.000  -30.353   32.046 
  10.025  -30.285   31.983 
  10.050  -30.216   31.921 
  10.075  -30.160   31.859 
  10.100  -30.108   31.797 
  10.125  -30.055   31.735 
  10.150  -30.002   31.673 
  10.175  -29.949   31.611 
  10.200  -29.896   31.549 
  10.225  -29.843   31.488 
  10.250  -29.790   31.426 
  10.275  -29.737   31.364 
  10.300  -29.684   31.303 
  10.325  -29.631   31.241 
  10.350  -29.578   31.180 
  10.375  -29.525   31.119 
  10.400  -29.472   31.057 
  10.425  -29.419   30.996 
  10.450  -29.366   30.935 
  10.475  -29.313   30.874 
  10.500  -29.260   30.813 
  10.525  -29.207   30.752 
  10.550  -29.154   30.692 
  10.575  -29.101   30.631 
  10.600  -29.048   30.570 
  10.625  -28.995   30.510 
  10.650  -28.942   30.449 
  10.675  -28.889   30.389 
  10.700  -28.836   30.329 
  10.725  -28.783   30.269 
  10.750  -28.730   30.208 
  10.775  -28.677   30.148 
  10.800  -28.624   30.088 
  10.825  -28.571   30.029 
  10.850  -28.518   29.969 
  10.875  -28.465   29.909 
  10.900  -28.412   29.849 
  10.925  -28.359   29.790 
  10.950  -28.306   29.730 
  10.975  -28.253   29.671 
  11.000  -28.200   29.612 
  11.025  -28.147   29.553 
  11.050  -28.095   29.493 
  11.075  -28.042   29.434 
  11.100  -27.989   29.375 
  11.125  -27.936   29.317 
  11.150  -27.883   29.258 
  11.175  -27.830   29.199 
  11.200  -27.777   29.141 
  11.225  -27.724   29.082 
  11.250  -27.671   29.024 
  11.275  -27.618   28.965 
  11.300  -27.565   28.907 
  11.325  -27.512   28.849 
  11.350  -27.459   28.791 
  11.375  -27.406   28.733 
  11.400  -27.353   28.675 
  11.425  -27.300   28.617 
  11.450  -27.247   28.560 
  11.475  -27.194   28.502 
  11.500  -27.141   28.444 
  11.525  -27.088   28.387 
  11.550  -27.035   28.330 
  11.575  -26.982   28.272 
  11.600  -26.929   28.215 
  11.625  -26.876   28.158 
  11.650  -26.823   28.101 
  11.675  -26.770   28.044 
  11.700  -26.717   27.988 
  11.725  -26.664   27.931 
  11.750  -26.611   27.874 
  11.775  -26.558   27.818 
  11.800  -26.505   27.761 
  11.825  -26.452   27.705 
  11.850  -26.399   27.649 
  11.875  -26.346   27.593 
  11.900  -26.293   27.537 
  11.925  -26.240   27.481 
  11.950  -26.187   27.425 
  11.975  -26.134   27.369 
  12.000  -26.082   27.313 
  12.025  -26.029   27.258 
  12.050  -25.976   27.202 
  12.075  -25.923   27.147 
  12.100  -25.870   27.092 
  12.125  -25.817   27.037 
  12.150  -25.764   26.981 
  12.175  -25.711   26.926 
  12.200  -25.658   26.872 
  12.225  -25.605   26.817 
  12.250  -25.552   26.762 
  12.275  -25.499   26.707 
  12.300  -25.446   26.653 
  12.325  -25.393   26.598 
  12.350  -25.340   26.544 
  12.375  -25.287   26.490 
  12.400  -25.234   26.436 
  12.425  -25.181   26.382 
  12.450  -25.128   26.328 
  12.475  -25.075   26.274 
  12.500  -25.022   26.220 
  12.525  -24.969   26.166 
  12.550  -24.916   26.113 
  12.575  -24.863   26.059 
  12.600  -24.810   26.006 
  12.625  -24.757   25.953 
  12.650  -24.704   25.900 
  12.675  -24.651   25.846 
  12.700  -24.598   25.793 
  12.725  -24.545   25.741 
  12.750  -24.492   25.688 
  12.775  -24.439   25.635 
  12.800  -24.386   25.582 
  12.825  -24.333   25.530 
  12.850  -24.280   25.477 
  12.875  -24.227   25.425 
  12.900  -24.174   25.373 
  12.925  -24.121   25.321 
  12.950  -24.069   25.269 
  12.975  -24.016   25.217 
  13.000  -23.963   25.165 
  13.025  -23.910   25.113 
  13.050  -23.857   25.062 
  13.075  -23.804   25.010 
  13.100  -23.751   24.959 
  13.125  -23.698   24.907 
  13.150  -23.645   24.856 
  13.175  -23.592   24.805 
  13.200  -23.539   24.754 
  13.225  -23.486   24.703 
  13.250  -23.433   24.652 
  13.275  -23.380   24.601 
  13.300  -23.327   24.550 
  13.325  -23.274   24.500 
  13.350  -23.221   24.449 
  13.375  -23.168   24.399 
  13.400  -23.115   24.348 
  13.425  -23.062   24.298 
  13.450  -23.009   24.248 
  13.475  -22.956   24.198 
  13.500  -22.903   24.148 
  13.525  -22.850   24.098 
  13.550  -22.797   24.048 
  13.575  -22.744   23.999 
  13.600  -22.691   23.949 
  13.625  -22.638   23.900 
  13.650  -22.585   23.850 
  13.675  -22.532   23.801 
  13.700  -22.479   23.752 
  13.725  -22.426   23.703 
  13.750  -22.373   23.654 
  13.775  -22.320   23.605 
  13.800  -22.267   23.556 
  13.825  -22.214   23.507 
  13.850  -22.161   23.459 
  13.875  -22.108   23.410 
  13.900  -22.056   23.362 
  13.925  -22.003   23.313 
  13.950  -21.950   23.265 
  13.975  -21.897   23.217 
  14.000  -21.844   23.169 
  14.025  -21.791   23.121 
  14.050  -21.738   23.073 
  14.075  -21.685   23.025 
  14.100  -21.632   22.977 
  14.125  -21.579   22.930 
  14.150  -21.526   22.882 
  14.175  -21.473   22.835 
  14.200  -21.420   22.788 
  14.225  -21.367   22.740 
  14.250  -21.314   22.693 
  14.275  -21.261   22.646 
  14.300  -21.208   22.599 
  14.325  -21.155   22.552 
  14.350  -21.102   22.506 
  14.375  -21.049   22.459 
  14.400  -20.996   22.412 
  14.425  -20.943   22.366 
  14.450  -20.890   22.319 
  14.475  -20.837   22.273 
  14.500  -20.794   22.227 
  14.525  -20.758   22.181 
  14.550  -20.722   22.135 
  14.575  -20.685   22.089 
  14.600  -20.649   22.043 
  14.625  -20.613   21.997 
  14.650  -20.577   21.951 
  14.675  -20.540   21.906 
  14.700  -20.504   21.860 
  14.725  -20.468   21.815 
  14.750  -20.432   21.770 
  14.775  -20.395   21.724 
  14.800  -20.359   21.679 
  14.825  -20.323   21.634 
  14.850  -20.286   21.589 
  14.875  -20.250   21.544 
  14.900  -20.214   21.500 
  14.925  -20.178   21.455 
  14.950  -20.141   21.410 
  14.975  -20.105   21.366 
  15.000  -20.069   21.321 
  15.025  -20.032   21.277 
  15.050  -19.996   21.233 
  15.075  -19.960   21.189 
  15.100  -19.924   21.145 
  15.125  -19.887   21.101 
  15.150  -19.851   21.057 
  15.175  -19.815   21.013 
  15.200  -19.779   20.969 
  15.225  -19.742   20.926 
  15.250  -19.706   20.882 
  15.275  -19.670   20.839 
  15.300  -19.633   20.795 
  15.325  -19.597   20.752 
  15.350  -19.561   20.709 
  15.375  -19.525   20.666 
  15.400  -19.488   20.623 
  15.425  -19.452   20.580 
  15.450  -19.416   20.537 
  15.475  -19.380   20.494 
  15.500  -19.343   20.451 
  15.525  -19.307   20.409 
  15.550  -19.271   20.366 
  15.575  -19.234   20.324 
  15.600  -19.198   20.281 
  15.625  -19.162   20.239 
  15.650  -19.126   20.197 
  15.675  -19.089   20.155 
  15.700  -19.053   20.113 
  15.725  -19.017   20.071 
  15.750  -18.981   20.029 
  15.775  -18.944   19.987 
  15.800  -18.908   19.946 
  15.825  -18.872   19.904 
  15.850  -18.835   19.863 
  15.875  -18.799   19.821 
  15.900  -18.763   19.780 
  15.925  -18.727   19.739 
  15.950  -18.690   19.698 
  15.975  -18.654   19.657 
  16.000  -18.618   19.616 
  16.025  -18.581   19.575 
  16.050  -18.545   19.534 
  16.075  -18.509   19.493 
  16.100  -18.473   19.453 
  16.125  -18.436   19.412 
  16.150  -18.400   19.371 
  16.175  -18.364   19.331 
  16.200  -18.328   19.291 
  16.225  -18.291   19.251 
  16.250  -18.255   19.210 
  16.275  -18.219   19.170 
  16.300  -18.182   19.130 
  16.325  -18.146   19.090 
  16.350  -18.110   19.051 
  16.375  -18.074   19.011 
  16.400  -18.037   18.971 
  16.425  -18.001   18.932 
  16.450  -17.965   18.892 
  16.475  -17.929   18.853 
  16.500  -17.892   18.813 
  16.525  -17.856   18.774 
  16.550  -17.820   18.735 
  16.575  -17.783   18.696 
  16.600  -17.747   18.657 
  16.625  -17.711   18.618 
  16.650  -17.675   18.579 
  16.675  -17.638   18.540 
  16.700  -17.602   18.501 
  16.725  -17.566   18.463 
  16.750  -17.529   18.424 
  16.775  -17.493   18.386 
  16.800  -17.457   18.347 
  16.825  -17.421   18.309 
  16.850  -17.384   18.271 
  16.875  -17.348   18.233 
  16.900  -17.312   18.195 
  16.925  -17.276   18.157 
  16.950  -17.239   18.119 
  16.975  -17.203   18.081 
  17.000  -17.167   18.043 
  17.025  -17.130   18.005 
  17.050  -17.094   17.968 
  17.075  -17.058   17.930 
  17.100  -17.022   17.893 
  17.125  -16.985   17.855 
  17.150  -16.949   17.818 
  17.175  -16.913   17.781 
  17.200  -16.877   17.744 
  17.225  -16.840   17.707 
  17.250  -16.804   17.670 
  17.275  -16.768   17.633 
  17.300  -16.731   17.596 
  17.325  -16.695   17.559 
  17.350  -16.659   17.522 
  17.375  -16.623   17.486 
  17.400  -16.586   17.449 
  17.425  -16.550   17.413 
  17.450  -16.514   17.376 
  17.475  -16.477   17.340 
  17.500  -16.441   17.304 
  17.525  -16.405   17.268 
  17.550  -16.369   17.232 
  17.575  -16.332   17.196 
  17.600  -16.296   17.160 
  17.625  -16.260   17.124 
  17.650  -16.224   17.088 
  17.675  -16.187   17.052 
  17.700  -16.151   17.017 
  17.725  -16.115   16.981 
  17.750  -16.078   16.946 
  17.775  -16.042   16.910 
  17.800  -16.006   16.875 
  17.825  -15.970   16.840 
  17.850  -15.933   16.804 
  17.875  -15.897   16.769 
  17.900  -15.861   16.734 
  17.925  -15.825   16.699 
  17.950  -15.788   16.664 
  17.975  -15.752   16.629 
  18.000  -15.716   16.595 
  18.025  -15.679   16.560 
  18.050  -15.643   16.525 
  18.075  -15.607   16.491 
  18.100  -15.571   16.456 
  18.125  -15.534   16.422 
  18.150  -15.498   16.388 
  18.175  -15.462   16.353 
  18.200  -15.426   16.319 
  18.225  -15.389   16.285 
  18.250  -15.353   16.251 
  18.275  -15.317   16.217 
  18.300  -15.280   16.183 
  18.325  -15.244   16.149 
  18.350  -15.208   16.115 
  18.375  -15.172   16.082 
  18.400  -15.135   16.048 
  18.425  -15.099   16.014 
  18.450  -15.063   15.981 
  18.475  -15.026   15.948 
  18.500  -14.990   15.914 
  18.525  -14.954   15.881 
  18.550  -14.918   15.848 
  18.575  -14.881   15.815 
  18.600  -14.845   15.781 
  18.625  -14.809   15.748 
  18.650  -14.773   15.716 
  18.675  -14.736   15.683 
  18.700  -14.700   15.650 
  18.725  -14.664   15.617 
  18.750  -14.627   15.584 
  18.775  -14.591   15.552 
  18.800  -14.555   15.519 
  18.825  -14.519   15.487 
  18.850  -14.482   15.454 
  18.875  -14.446   15.422 
  18.900  -14.410   15.390 
  18.925  -14.374   15.358 
  18.950  -14.337   15.325 
  18.975  -14.301   15.293 
  19.000  -14.265   15.261 
  19.025  -14.228   15.229 
  19.050  -14.192   15.198 
  19.075  -14.156   15.166 
  19.100  -14.120   15.134 
  19.125  -14.083   15.102 
  19.150  -14.047   15.071 
  19.175  -14.011   15.039 
  19.200  -13.974   15.008 
  19.225  -13.938   14.976 
  19.250  -13.902   14.945 
  19.275  -13.866   14.914 
  19.300  -13.829   14.883 
  19.325  -13.793   14.851 
  19.350  -13.757   14.820 
  19.375  -13.721   14.789 
  19.400  -13.684   14.758 
  19.425  -13.648   14.728 
  19.450  -13.612   14.697 
  19.475  -13.575   14.666 
  19.500  -13.539   14.635 
  19.525  -13.503   14.605 
  19.550  -13.468   14.574 
  19.575  -13.448   14.544 
  19.600  -13.428   14.513 
  19.625  -13.409   14.483 
  19.650  -13.389   14.452 
  19.675  -13.369   14.422 
  19.700  -13.350   14.392 
  19.725  -13.330   14.362 
  19.750  -13.310   14.332 
  19.775  -13.291   14.302 
  19.800  -13.271   14.272 
  19.825  -13.251   14.242 
  19.850  -13.231   14.212 
  19.875  -13.212   14.182 
  19.900  -13.192   14.153 
  19.925  -13.172   14.123 
  19.950  -13.153   14.094 
  19.975  -13.133   14.064 
  20.000  -13.113   14.035 
  20.025  -13.093   14.005 
  20.050  -13.074   13.976 
  20.075  -13.054   13.947 
  20.100  -13.034   13.917 
  20.125  -13.015   13.888 
  20.150  -12.995   13.859 
  20.175  -12.975   13.830 
  20.200  -12.956   13.801 
  20.225  -12.936   13.772 
  20.250  -12.916   13.744 
  20.275  -12.896   13.715 
  20.300  -12.877   13.686 
  20.325  -12.857   13.657 
  20.350  -12.837   13.629 
  20.375  -12.818   13.600 
  20.400  -12.798   13.572 
  20.425  -12.778   13.543 
  20.450  -12.759   13.515 
  20.475  -12.739   13.487 
  20.500  -12.719   13.459 
  20.525  -12.699   13.430 
  20.550  -12.680   13.402 
  20.575  -12.660   13.374 
  20.600  -12.640   13.346 
  20.625  -12.621   13.318 
  20.650  -12.601   13.290 
  20.675  -12.581   13.263 
  20.700  -12.561   13.235 
  20.725  -12.542   13.207 
  20.750  -12.522   13.179 
  20.775  -12.502   13.152 
  20.800  -12.483   13.124 
  20.825  -12.463   13.097 
  20.850  -12.443   13.069 
  20.875  -12.424   13.042 
  20.900  -12.404   13.015 
  20.925  -12.384   12.987 
  20.950  -12.364   12.960 
  20.975  -12.345   12.933 
  21.000  -12.325   12.906 
  21.025  -12.305   12.879 
  21.050  -12.286   12.852 
  21.075  -12.266   12.825 
  21.100  -12.246   12.798 
  21.125  -12.226   12.772 
  21.150  -12.207   12.745 
  21.175  -12.187   12.718 
  21.200  -12.167   12.691 
  21.225  -12.148   12.665 
  21.250  -12.128   12.638 
  21.275  -12.108   12.612 
  21.300  -12.089   12.586 
  21.325  -12.069   12.559 
  21.350  -12.049   12.533 
  21.375  -12.029   12.507 
  21.400  -12.010   12.480 
  21.425  -11.990   12.454 
  21.450  -11.970   12.428 
  21.475  -11.951   12.402 
  21.500  -11.931   12.376 
  21.525  -11.911   12.350 
  21.550  -11.891   12.324 
  21.575  -11.872   12.299 
  21.600  -11.852   12.273 
  21.625  -11.832   12.247 
  21.650  -11.813   12.222 
  21.675  -11.793   12.196 
  21.700  -11.773   12.170 
  21.725  -11.754   12.145 
  21.750  -11.734   12.119 
  21.775  -11.714   12.094 
  21.800  -11.694   12.069 
  21.825  -11.675   12.044 
  21.850  -11.655   12.018 
  21.875  -11.635   11.993 
  21.900  -11.616   11.968 
  21.925  -11.596   11.943 
  21.950  -11.576   11.918 
  21.975  -11.556   11.893 
  22.000  -11.537   11.868 
  22.025  -11.517   11.843 
  22.050  -11.497   11.818 
  22.075  -11.478   11.794 
  22.100  -11.458   11.769 
  22.125  -11.438   11.744 
  22.150  -11.419   11.720 
  22.175  -11.399   11.695 
  22.200  -11.379   11.671 
  22.225  -11.359   11.646 
  22.250  -11.340   11.622 
  22.275  -11.320   11.598 
  22.300  -11.300   11.573 
  22.325  -11.281   11.549 
  22.350  -11.261   11.525 
  22.375  -11.241   11.501 
  22.400  -11.221   11.477 
  22.425  -11.202   11.453 
  22.450  -11.182   11.429 
  22.475  -11.162   11.405 
  22.500  -11.143   11.381 
  22.525  -11.123   11.357 
  22.550  -11.103   11.333 
  22.575  -11.084   11.309 
  22.600  -11.064   11.286 
  22.625  -11.044   11.262 
  22.650  -11.024   11.238 
  22.675  -11.005   11.215 
  22.700  -10.985   11.191 
  22.725  -10.965   11.168 
  22.750  -10.946   11.145 
  22.775  -10.926   11.121 
  22.800  -10.906   11.098 
  22.825  -10.887   11.075 
  22.850  -10.867   11.052 
  22.875  -10.847   11.028 
  22.900  -10.827   11.005 
  22.925  -10.808   10.982 
  22.950  -10.788   10.959 
  22.975  -10.768   10.936 
  23.000  -10.749   10.913 
  23.025  -10.729   10.891 
  23.050  -10.709   10.868 
  23.075  -10.689   10.845 
  23.100  -10.670   10.822 
  23.125  -10.650   10.800 
  23.150  -10.630   10.777 
  23.175  -10.611   10.754 
  23.200  -10.591   10.732 
  23.225  -10.571   10.709 
  23.250  -10.552   10.687 
  23.275  -10.532   10.665 
  23.300  -10.512   10.642 
  23.325  -10.492   10.620 
  23.350  -10.473   10.598 
  23.375  -10.453   10.576 
  23.400  -10.433   10.553 
  23.425  -10.414   10.531 
  23.450  -10.394   10.509 
  23.475  -10.374   10.487 
  23.500  -10.354   10.465 
  23.525  -10.335   10.443 
  23.550  -10.315   10.421 
  23.575  -10.295   10.400 
  23.600  -10.276   10.378 
  23.625  -10.256   10.356 
  23.650  -10.236   10.334 
  23.675  -10.217   10.313 
  23.700  -10.197   10.291 
  23.725  -10.177   10.270 
  23.750  -10.157   10.248 
  23.775  -10.138   10.227 
  23.800  -10.118   10.205 
  23.825  -10.098   10.184 
  23.850  -10.079   10.163 
  23.875  -10.059   10.141 
  23.900  -10.039   10.120 
  23.925  -10.019   10.099 
  23.950  -10.000   10.078 
  23.975   -9.980   10.057 
  24.000   -9.960   10.035 
  24.025   -9.941   10.014 
  24.050   -9.921    9.993 
  24.075   -9.901    9.973 
  24.100   -9.882    9.952 
  24.125   -9.862    9.931 
  24.150   -9.842    9.910 
  24.175   -9.822    9.889 
  24.200   -9.803    9.869 
  24.225   -9.783    9.848 
  24.250   -9.763    9.827 
  24.275   -9.744    9.807 
  24.300   -9.724    9.786 
  24.325   -9.704    9.766 
  24.350   -9.684    9.745 
  24.375   -9.665    9.725 
  24.400   -9.645    9.704 
  24.425   -9.625    9.684 
  24.450   -9.606    9.664 
  24.475   -9.586    9.644 
  24.500   -9.566    9.623 
  24.525   -9.547    9.603 
  24.550   -9.527    9.583 
  24.575   -9.507    9.563 
  24.600   -9.487    9.543 
  24.625   -9.468    9.523 
  24.650   -9.448    9.503 
  24.675   -9.428    9.483 
  24.700   -9.409    9.463 
  24.725   -9.389    9.443 
  24.750   -9.369    9.424 
  24.775   -9.350    9.404 
  24.800   -9.330    9.384 
  24.825   -9.310    9.365 
  24.850   -9.290    9.345 
  24.875   -9.271    9.325 
  24.900   -9.251    9.306 
  24.925   -9.231    9.286 
  24.950   -9.212    9.267 
  24.975   -9.192    9.247 
  25.000   -9.172    9.228 
  25.025   -9.152    9.209 
  25.050   -9.133    9.190 
  25.075   -9.113    9.170 
  25.100   -9.093    9.151 
  25.125   -9.074    9.132 
  25.150   -9.054    9.113 
  25.175   -9.034    9.094 
  25.200   -9.015    9.075 
  25.225   -8.995    9.056 
  25.250   -8.977    9.037 
  25.275   -8.967    9.018 
  25.300   -8.957    8.999 
  25.325   -8.948    8.980 
  25.350   -8.938    8.961 
  25.375   -8.928    8.942 
  25.400   -8.918    8.924 
  25.425   -8.908    8.905 
  25.450   -8.898    8.886 
  25.475   -8.888    8.868 
  25.500   -8.878    8.849 
  25.525   -8.868    8.831 
  25.550   -8.858    8.812 
  25.575   -8.848    8.794 
  25.600   -8.838    8.775 
  25.625   -8.829    8.757 
  25.650   -8.819    8.738 
  25.675   -8.809    8.720 
  25.700   -8.799    8.702 
  25.725   -8.789    8.684 
  25.750   -8.779    8.666 
  25.775   -8.769    8.647 
  25.800   -8.759    8.629 
  25.825   -8.749    8.611 
  25.850   -8.739    8.593 
  25.875   -8.729    8.575 
  25.900   -8.719    8.557 
  25.925   -8.709    8.539 
  25.950   -8.700    8.521 
  25.975   -8.690    8.504 
  26.000   -8.680    8.486 
  26.025   -8.670    8.468 
  26.050   -8.660    8.450 
  26.075   -8.650    8.432 
  26.100   -8.640    8.415 
  26.125   -8.630    8.397 
  26.150   -8.620    8.380 
  26.175   -8.610    8.362 
  26.200   -8.600    8.345 
  26.225   -8.590    8.327 
  26.250   -8.580    8.310 
  26.275   -8.571    8.292 
  26.300   -8.561    8.275 
  26.325   -8.551    8.258 
  26.350   -8.541    8.240 
  26.375   -8.531    8.223 
  26.400   -8.521    8.206 
  26.425   -8.511    8.189 
  26.450   -8.501    8.171 
  26.475   -8.491    8.154 
  26.500   -8.481    8.137 
  26.525   -8.471    8.120 
  26.550   -8.461    8.103 
  26.575   -8.451    8.086 
  26.600   -8.442    8.069 
  26.625   -8.432    8.052 
  26.650   -8.422    8.035 
  26.675   -8.412    8.019 
  26.700   -8.402    8.002 
  26.725   -8.392    7.985 
  26.750   -8.382    7.968 
  26.775   -8.372    7.952 
  26.800   -8.362    7.935 
  26.825   -8.352    7.918 
  26.850   -8.342    7.902 
  26.875   -8.332    7.885 
  26.900   -8.323    7.869 
  26.925   -8.313    7.852 
  26.950   -8.303    7.836 
  26.975   -8.293    7.819 
  27.000   -8.283    7.803 
  27.025   -8.273    7.787 
  27.050   -8.263    7.770 
  27.075   -8.253    7.754 
  27.100   -8.243    7.738 
  27.125   -8.233    7.722 
  27.150   -8.223    7.705 
  27.175   -8.213    7.689 
  27.200   -8.203    7.673 
  27.225   -8.194    7.657 
  27.250   -8.184    7.641 
  27.275   -8.174    7.625 
  27.300   -8.164    7.609 
  27.325   -8.154    7.593 
  27.350   -8.144    7.577 
  27.375   -8.134    7.561 
  27.400   -8.124    7.546 
  27.425   -8.114    7.530 
  27.450   -8.104    7.514 
  27.475   -8.094    7.498 
  27.500   -8.084    7.483 
  27.525   -8.074    7.467 
  27.550   -8.065    7.451 
  27.575   -8.055    7.436 
  27.600   -8.045    7.420 
  27.625   -8.035    7.404 
  27.650   -8.025    7.389 
  27.675   -8.015    7.373 
  27.700   -8.005    7.358 
  27.725   -7.995    7.343 
  27.750   -7.985    7.327 
  27.775   -7.975    7.312 
  27.800   -7.965    7.297 
  27.825   -7.955    7.281 
  27.850   -7.945    7.266 
  27.875   -7.936    7.251 
  27.900   -7.926    7.236 
  27.925   -7.916    7.220 
  27.950   -7.906    7.205 
  27.975   -7.896    7.190 
  28.000   -7.886    7.175 
  28.025   -7.876    7.160 
  28.050   -7.866    7.145 
  28.075   -7.856    7.130 
  28.100   -7.846    7.115 
  28.125   -7.836    7.100 
  28.150   -7.826    7.085 
  28.175   -7.817    7.071 
  28.200   -7.807    7.056 
  28.225   -7.797    7.041 
  28.250   -7.787    7.026 
  28.275   -7.777    7.012 
  28.300   -7.767    6.997 
  28.325   -7.757    6.982 
  28.350   -7.747    6.968 
  28.375   -7.737    6.953 
  28.400   -7.727    6.938 
  28.425   -7.717    6.924 
  28.450   -7.707    6.909 
  28.475   -7.697    6.895 
  28.500   -7.688    6.880 
  28.525   -7.678    6.866 
  28.550   -7.668    6.852 
  28.575   -7.658    6.837 
  28.600   -7.648    6.823 
  28.625   -7.638    6.809 
  28.650   -7.628    6.794 
  28.675   -7.618    6.780 
  28.700   -7.608    6.766 
  28.725   -7.598    6.752 
  28.750   -7.588    6.738 
  28.775   -7.578    6.724 
  28.800   -7.568    6.710 
  28.825   -7.559    6.695 
  28.850   -7.549    6.681 
  28.875   -7.539    6.667 
  28.900   -7.529    6.653 
  28.925   -7.519    6.640 
  28.950   -7.509    6.626 
  28.975   -7.499    6.612 
  29.000   -7.489    6.598 
  29.025   -7.479    6.584 
  29.050   -7.469    6.570 
  29.075   -7.459    6.557 
  29.100   -7.449    6.543 
  29.125   -7.439    6.529 
  29.150   -7.430    6.515 
  29.175   -7.420    6.502 
  29.200   -7.410    6.488 
  29.225   -7.400    6.475 
  29.250   -7.390    6.461 
  29.275   -7.380    6.447 
  29.300   -7.370    6.434 
  29.325   -7.360    6.420 
  29.350   -7.350    6.407 
  29.375   -7.340    6.394 
  29.400   -7.330    6.380 
  29.425   -7.320    6.367 
  29.450   -7.311    6.353 
  29.475   -7.301    6.340 
  29.500   -7.291    6.327 
  29.525   -7.281    6.314 
  29.550   -7.271    6.300 
  29.575   -7.261    6.287 
  29.600   -7.251    6.274 
  29.625   -7.241    6.261 
  29.650   -7.231    6.248 
  29.675   -7.221    6.235 
  29.700   -7.211    6.222 
  29.725   -7.201    6.209 
  29.750   -7.191    6.196 
  29.775   -7.182    6.183 
  29.800   -7.172    6.170 
  29.825   -7.162    6.157 
  29.850   -7.152    6.144 
  29.875   -7.142    6.131 
  29.900   -7.132    6.118 
  29.925   -7.122    6.105 
  29.950   -7.112    6.093 
  29.975   -7.102    6.080 
  30.000   -7.092    6.067 
  30.025   -7.082    6.054 
  30.050   -7.072    6.042 
  30.075   -7.062    6.029 
  30.100   -7.053    6.016 
  30.125   -7.043    6.004 
  30.150   -7.033    5.991 
  30.175   -7.023    5.979 
  30.200   -7.013    5.966 
  30.225   -7.003    5.954 
  30.250   -6.993    5.941 
  30.275   -6.983    5.929 
  30.300   -6.973    5.916 
  30.325   -6.963    5.904 
  30.350   -6.953    5.892 
  30.375   -6.943    5.879 
  30.400   -6.934    5.867 
  30.425   -6.924    5.855 
  30.450   -6.914    5.842 
  30.475   -6.904    5.830 
  30.500   -6.894    5.818 
  30.525   -6.884    5.806 
  30.550   -6.874    5.794 
  30.575   -6.864    5.781 
  30.600   -6.854    5.769 
  30.625   -6.844    5.757 
  30.650   -6.834    5.745 
  30.675   -6.824    5.733 
  30.700   -6.814    5.721 
  30.725   -6.805    5.709 
  30.750   -6.795    5.697 
  30.775   -6.785    5.685 
  30.800   -6.775    5.673 
  30.825   -6.765    5.661 
  30.850   -6.755    5.650 
  30.875   -6.745    5.638 
  30.900   -6.735    5.626 
  30.925   -6.725    5.614 
  30.950   -6.715    5.602 
  30.975   -6.705    5.591 
  31.000   -6.695    5.579 
  31.025   -6.685    5.567 
  31.050   -6.676    5.556 
  31.075   -6.666    5.544 
  31.100   -6.656    5.532 
  31.125   -6.646    5.521 
  31.150   -6.636    5.509 
  31.175   -6.626    5.498 
  31.200   -6.616    5.486 
  31.225   -6.606    5.475 
  31.250   -6.596    5.463 
  31.275   -6.586    5.452 
  31.300   -6.576    5.440 
  31.325   -6.566    5.429 
  31.350   -6.556    5.418 
  31.375   -6.547    5.406 
  31.400   -6.537    5.395 
  31.425   -6.527    5.384 
  31.450   -6.517    5.372 
  31.475   -6.507    5.361 
  31.500   -6.497    5.350 
  31.525   -6.487    5.339 
  31.550   -6.477    5.327 
  31.575   -6.467    5.316 
  31.600   -6.457    5.305 
  31.625   -6.447    5.294 
  31.650   -6.437    5.283 
  31.675   -6.428    5.272 
  31.700   -6.418    5.261 
  31.725   -6.408    5.250 
  31.750   -6.398    5.239 
  31.775   -6.388    5.228 
  31.800   -6.378    5.217 
  31.825   -6.368    5.206 
  31.850   -6.358    5.195 
  31.875   -6.348    5.184 
  31.900   -6.338    5.173 
  31.925   -6.328    5.162 
  31.950   -6.318    5.152 
  31.975   -6.308    5.141 
  32.000   -6.299    5.130 
  32.025   -6.289    5.119 
  32.050   -6.279    5.109 
  32.075   -6.269    5.098 
  32.100   -6.259    5.087 
  32.125   -6.249    5.077 
  32.150   -6.239    5.066 
  32.175   -6.229    5.055 
  32.200   -6.219    5.045 
  32.225   -6.209    5.034 
  32.250   -6.199    5.024 
  32.275   -6.189    5.013 
  32.300   -6.179    5.003 
  32.325   -6.170    4.992 
  32.350   -6.160    4.982 
  32.375   -6.150    4.971 
  32.400   -6.140    4.961 
  32.425   -6.130    4.950 
  32.450   -6.120    4.940 
  32.475   -6.110    4.930 
  32.500   -6.100    4.919 
  32.525   -6.090    4.909 
  32.550   -6.080    4.899 
  32.575   -6.070    4.888 
  32.600   -6.060    4.878 
  32.625   -6.050    4.868 
  32.650   -6.041    4.858 
  32.675   -6.031    4.848 
  32.700   -6.021    4.838 
  32.725   -6.011    4.827 
  32.750   -6.001    4.817 
  32.775   -5.991    4.807 
  32.800   -5.981    4.797 
  32.825   -5.971    4.787 
  32.850   -5.961    4.777 
  32.875   -5.951    4.767 
  32.900   -5.941    4.757 
  32.925   -5.931    4.747 
  32.950   -5.922    4.737 
  32.975   -5.912    4.727 
  33.000   -5.902    4.717 
  33.025   -5.892    4.707 
  33.050   -5.882    4.698 
  33.075   -5.872    4.688 
  33.100   -5.862    4.678 
  33.125   -5.852    4.668 
  33.150   -5.842    4.658 
  33.175   -5.832    4.649 
  33.200   -5.822    4.639 
  33.225   -5.812    4.629 
  33.250   -5.802    4.619 
  33.275   -5.793    4.610 
  33.300   -5.783    4.600 
  33.325   -5.773    4.590 
  33.350   -5.763    4.581 
  33.375   -5.753    4.571 
  33.400   -5.743    4.562 
  33.425   -5.733    4.552 
  33.450   -5.723    4.543 
  33.475   -5.713    4.533 
  33.500   -5.706    4.524 
  33.525   -5.699    4.514 
  33.550   -5.692    4.505 
  33.575   -5.685    4.495 
  33.600   -5.678    4.486 
  33.625   -5.671    4.476 
  33.650   -5.664    4.467 
  33.675   -5.657    4.458 
  33.700   -5.650    4.448 
  33.725   -5.643    4.439 
  33.750   -5.636    4.430 
  33.775   -5.629    4.420 
  33.800   -5.622    4.411 
  33.825   -5.615    4.402 
  33.850   -5.608    4.393 
  33.875   -5.601    4.383 
  33.900   -5.594    4.374 
  33.925   -5.587    4.365 
  33.950   -5.579    4.356 
  33.975   -5.572    4.347 
  34.000   -5.565    4.338 
  34.025   -5.558    4.329 
  34.050   -5.551    4.320 
  34.075   -5.544    4.311 
  34.100   -5.537    4.302 
  34.125   -5.530    4.293 
  34.150   -5.523    4.284 
  34.175   -5.516    4.275 
  34.200   -5.509    4.266 
  34.225   -5.502    4.257 
  34.250   -5.495    4.248 
  34.275   -5.488    4.239 
  34.300   -5.481    4.230 
  34.325   -5.474    4.221 
  34.350   -5.467    4.212 
  34.375   -5.460    4.203 
  34.400   -5.453    4.195 
  34.425   -5.445    4.186 
  34.450   -5.438    4.177 
  34.475   -5.431    4.168 
  34.500   -5.424    4.160 
  34.525   -5.417    4.151 
  34.550   -5.410    4.142 
  34.575   -5.403    4.134 
  34.600   -5.396    4.125 
  34.625   -5.389    4.116 
  34.650   -5.382    4.108 
  34.675   -5.375    4.099 
  34.700   -5.368    4.090 
  34.725   -5.361    4.082 
  34.750   -5.354    4.073 
  34.775   -5.347    4.065 
  34.800   -5.340    4.056 
  34.825   -5.333    4.048 
  34.850   -5.326    4.039 
  34.875   -5.318    4.031 
  34.900   -5.311    4.022 
  34.925   -5.304    4.014 
  34.950   -5.297    4.006 
  34.975   -5.290    3.997 
  35.000   -5.283    3.989 
  35.025   -5.276    3.980 
  35.050   -5.269    3.972 
  35.075   -5.262    3.964 
  35.100   -5.255    3.955 
  35.125   -5.248    3.947 
  35.150   -5.241    3.939 
  35.175   -5.234    3.931 
  35.200   -5.227    3.922 
  35.225   -5.220    3.914 
  35.250   -5.213    3.906 
  35.275   -5.206    3.898 
  35.300   -5.199    3.890 
  35.325   -5.192    3.881 
  35.350   -5.184    3.873 
  35.375   -5.177    3.865 
  35.400   -5.170    3.857 
  35.425   -5.163    3.849 
  35.450   -5.156    3.841 
  35.475   -5.149    3.833 
  35.500   -5.142    3.825 
  35.525   -5.135    3.817 
  35.550   -5.128    3.809 
  35.575   -5.121    3.801 
  35.600   -5.114    3.793 
  35.625   -5.107    3.785 
  35.650   -5.100    3.777 
  35.675   -5.093    3.769 
  35.700   -5.086    3.761 
  35.725   -5.079    3.753 
  35.750   -5.072    3.746 
  35.775   -5.065    3.738 
  35.800   -5.058    3.730 
  35.825   -5.050    3.722 
  35.850   -5.043    3.714 
  35.875   -5.036    3.706 
  35.900   -5.029    3.699 
  35.925   -5.022    3.691 
  35.950   -5.015    3.683 
  35.975   -5.008    3.676 
  36.000   -5.001    3.668 
  36.025   -4.994    3.660 
  36.050   -4.987    3.652 
  36.075   -4.980    3.645 
  36.100   -4.973    3.637 
  36.125   -4.966    3.630 
  36.150   -4.959    3.622 
  36.175   -4.952    3.614 
  36.200   -4.945    3.607 
  36.225   -4.938    3.599 
  36.250   -4.931    3.592 
  36.275   -4.923    3.584 
  36.300   -4.916    3.577 
  36.325   -4.909    3.569 
  36.350   -4.902    3.562 
  36.375   -4.895    3.554 
  36.400   -4.888    3.547 
  36.425   -4.881    3.539 
  36.450   -4.874    3.532 
  36.475   -4.867    3.525 
  36.500   -4.860    3.517 
  36.525   -4.853    3.510 
  36.550   -4.846    3.502 
  36.575   -4.839    3.495 
  36.600   -4.832    3.488 
  36.625   -4.825    3.480 
  36.650   -4.818    3.473 
  36.675   -4.811    3.466 
  36.700   -4.804    3.459 
  36.725   -4.797    3.451 
  36.750   -4.789    3.444 
  36.775   -4.782    3.437 
  36.800   -4.775    3.430 
  36.825   -4.768    3.423 
  36.850   -4.761    3.415 
  36.875   -4.754    3.408 
  36.900   -4.747    3.401 
  36.925   -4.740    3.394 
  36.950   -4.733    3.387 
  36.975   -4.726    3.380 
  37.000   -4.719    3.373 
  37.025   -4.712    3.366 
  37.050   -4.705    3.359 
  37.075   -4.698    3.352 
  37.100   -4.691    3.345 
  37.125   -4.684    3.338 
  37.150   -4.677    3.331 
  37.175   -4.670    3.324 
  37.200   -4.663    3.317 
  37.225   -4.655    3.310 
  37.250   -4.648    3.303 
  37.275   -4.641    3.296 
  37.300   -4.634    3.289 
  37.325   -4.627    3.282 
  37.350   -4.620    3.275 
  37.375   -4.613    3.268 
  37.400   -4.606    3.261 
  37.425   -4.599    3.255 
  37.450   -4.592    3.248 
  37.475   -4.585    3.241 
  37.500   -4.578    3.234 
  37.525   -4.571    3.227 
  37.550   -4.564    3.221 
  37.575   -4.557    3.214 
  37.600   -4.550    3.207 
  37.625   -4.543    3.200 
  37.650   -4.536    3.194 
  37.675   -4.528    3.187 
  37.700   -4.521    3.180 
  37.725   -4.514    3.174 
  37.750   -4.507    3.167 
  37.775   -4.500    3.160 
  37.800   -4.493    3.154 
  37.825   -4.486    3.147 
  37.850   -4.479    3.141 
  37.875   -4.472    3.134 
  37.900   -4.465    3.127 
  37.925   -4.458    3.121 
  37.950   -4.451    3.114 
  37.975   -4.444    3.108 
  38.000   -4.437    3.101 
  38.025   -4.430    3.095 
  38.050   -4.423    3.088 
  38.075   -4.416    3.082 
  38.100   -4.409    3.075 
  38.125   -4.402    3.069 
  38.150   -4.394    3.063 
  38.175   -4.387    3.056 
  38.200   -4.380    3.050 
  38.225   -4.373    3.043 
  38.250   -4.366    3.037 
  38.275   -4.359    3.031 
  38.300   -4.352    3.024 
  38.325   -4.345    3.018 
  38.350   -4.338    3.012 
  38.375   -4.331    3.005 
  38.400   -4.324    2.999 
  38.425   -4.317    2.993 
  38.450   -4.310    2.986 
  38.475   -4.303    2.980 
  38.500   -4.296    2.974 
  38.525   -4.289    2.968 
  38.550   -4.282    2.962 
  38.575   -4.275    2.955 
  38.600   -4.268    2.949 
  38.625   -4.260    2.943 
  38.650   -4.253    2.937 
  38.675   -4.246    2.931 
  38.700   -4.239    2.925 
  38.725   -4.232    2.918 
  38.750   -4.225    2.912 
  38.775   -4.218    2.906 
  38.800   -4.211    2.900 
  38.825   -4.204    2.894 
  38.850   -4.197    2.888 
  38.875   -4.190    2.882 
  38.900   -4.183    2.876 
  38.925   -4.176    2.870 
  38.950   -4.169    2.864 
  38.975   -4.162    2.858 
  39.000   -4.155    2.852 
  39.025   -4.148    2.846 
  39.050   -4.141    2.840 
  39.075   -4.133    2.834 
  39.100   -4.126    2.828 
  39.125   -4.119    2.822 
  39.150   -4.112    2.816 
  39.175   -4.105    2.810 
  39.200   -4.098    2.804 
  39.225   -4.091    2.799 
  39.250   -4.084    2.793 
  39.275   -4.077    2.787 
  39.300   -4.070    2.781 
  39.325   -4.063    2.775 
  39.350   -4.056    2.769 
  39.375   -4.049    2.764 
  39.400   -4.042    2.758 
  39.425   -4.035    2.752 
  39.450   -4.028    2.746 
  39.475   -4.021    2.740 
  39.500   -4.014    2.735 
  39.525   -4.007    2.729 
  39.550   -3.999    2.723 
  39.575   -3.992    2.718 
  39.600   -3.985    2.712 
  39.625   -3.978    2.706 
  39.650   -3.971    2.701 
  39.675   -3.964    2.695 
  39.700   -3.957    2.689 
  39.725   -3.950    2.684 
  39.750   -3.943    2.678 
  39.775   -3.936    2.672 
  39.800   -3.929    2.667 
  39.825   -3.922    2.661 
  39.850   -3.915    2.656 
  39.875   -3.908    2.650 
  39.900   -3.901    2.644 
  39.925   -3.894    2.639 
  39.950   -3.887    2.633 
  39.975   -3.880    2.628 
  40.000   -3.873    2.622 
  40.025   -3.865    2.617 
  40.050   -3.858    2.611 
  40.075   -3.851    2.606 
  40.100   -3.844    2.600 
  40.125   -3.837    2.595 
  40.150   -3.830    2.590 
  40.175   -3.823    2.584 
  40.200   -3.816    2.579 
  40.225   -3.809    2.573 
  40.250   -3.802    2.568 
  40.275   -3.795    2.563 
  40.300   -3.788    2.557 
  40.325   -3.781    2.552 
  40.350   -3.774    2.547 
  40.375   -3.767    2.541 
  40.400   -3.760    2.536 
  40.425   -3.753    2.531 
  40.450   -3.746    2.525 
  40.475   -3.738    2.520 
  40.500   -3.731    2.515 
  40.525   -3.724    2.509 
  40.550   -3.717    2.504 
  40.575   -3.710    2.499 
  40.600   -3.703    2.494 
  40.625   -3.696    2.488 
  40.650   -3.689    2.483 
  40.675   -3.682    2.478 
  40.700   -3.675    2.473 
  40.725   -3.668    2.468 
  40.750   -3.661    2.462 
  40.775   -3.654    2.457 
  40.800   -3.647    2.452 
  40.825   -3.640    2.447 
  40.850   -3.633    2.442 
  40.875   -3.626    2.437 
  40.900   -3.619    2.432 
  40.925   -3.612    2.427 
  40.950   -3.604    2.422 
  40.975   -3.597    2.416 
  41.000   -3.590    2.411 
  41.025   -3.583    2.406 
  41.050   -3.576    2.401 
  41.075   -3.569    2.396 
  41.100   -3.562    2.391 
  41.125   -3.555    2.386 
  41.150   -3.548    2.381 
  41.175   -3.541    2.376 
  41.200   -3.534    2.371 
  41.225   -3.527    2.366 
  41.250   -3.520    2.361 
  41.275   -3.513    2.356 
  41.300   -3.506    2.351 
  41.325   -3.499    2.347 
  41.350   -3.492    2.342 
  41.375   -3.485    2.337 
  41.400   -3.478    2.332 
  41.425   -3.470    2.327 
  41.450   -3.463    2.322 
  41.475   -3.456    2.317 
  41.500   -3.449    2.312 
  41.525   -3.442    2.308 
  41.550   -3.435    2.303 
  41.575   -3.428    2.298 
  41.600   -3.421    2.293 
  41.625   -3.414    2.288 
  41.650   -3.407    2.283 
  41.675   -3.400    2.279 
  41.700   -3.393    2.274 
  41.725   -3.386    2.269 
  41.750   -3.379    2.264 
  41.775   -3.372    2.260 
  41.800   -3.365    2.255 
  41.825   -3.358    2.250 
  41.850   -3.351    2.245 
  41.875   -3.343    2.241 
  41.900   -3.336    2.236 
  41.925   -3.329    2.231 
  41.950   -3.322    2.227 
  41.975   -3.315    2.222 
  42.000   -3.308    2.217 
  42.025   -3.301    2.213 
  42.050   -3.294    2.208 
  42.075   -3.287    2.203 
  42.100   -3.280    2.199 
  42.125   -3.273    2.194 
  42.150   -3.266    2.190 
  42.175   -3.259    2.185 
  42.200   -3.252    2.180 
  42.225   -3.245    2.176 
  42.250   -3.238    2.171 
  42.275   -3.231    2.167 
  42.300   -3.224    2.162 
  42.325   -3.217    2.158 
  42.350   -3.209    2.153 
  42.375   -3.202    2.149 
  42.400   -3.195    2.144 
  42.425   -3.188    2.140 
  42.450   -3.181    2.135 
  42.475   -3.174    2.131 
  42.500   -3.167    2.126 
  42.525   -3.160    2.122 
  42.550   -3.153    2.117 
  42.575   -3.146    2.113 
  42.600   -3.139    2.109 
  42.625   -3.132    2.104 
  42.650   -3.125    2.100 
  42.675   -3.118    2.095 
  42.700   -3.111    2.091 
  42.725   -3.104    2.087 
  42.750   -3.097    2.082 
  42.775   -3.090    2.078 
  42.800   -3.083    2.073 
  42.825   -3.075    2.069 
  42.850   -3.068    2.065 
  42.875   -3.061    2.060 
  42.900   -3.054    2.056 
  42.925   -3.047    2.052 
  42.950   -3.040    2.048 
  42.975   -3.033    2.043 
  43.000   -3.026    2.039 
  43.025   -3.019    2.035 
  43.050   -3.012    2.030 
  43.075   -3.005    2.026 
  43.100   -2.998    2.022 
  43.125   -2.991    2.018 
  43.150   -2.984    2.013 
  43.175   -2.977    2.009 
  43.200   -2.970    2.005 
  43.225   -2.963    2.001 
  43.250   -2.956    1.997 
  43.275   -2.948    1.992 
  43.300   -2.941    1.988 
  43.325   -2.934    1.984 
  43.350   -2.927    1.980 
  43.375   -2.920    1.976 
  43.400   -2.913    1.972 
  43.425   -2.906    1.968 
  43.450   -2.899    1.963 
  43.475   -2.892    1.959 
  43.500   -2.885    1.955 
  43.525   -2.878    1.951 
  43.550   -2.871    1.947 
  43.575   -2.864    1.943 
  43.600   -2.857    1.939 
  43.625   -2.855    1.935 
  43.650   -2.853    1.931 
  43.675   -2.851    1.927 
  43.700   -2.849    1.923 
  43.725   -2.847    1.919 
  43.750   -2.844    1.915 
  43.775   -2.842    1.911 
  43.800   -2.840    1.907 
  43.825   -2.838    1.903 
  43.850   -2.836    1.899 
  43.875   -2.834    1.895 
  43.900   -2.832    1.891 
  43.925   -2.830    1.887 
  43.950   -2.828    1.883 
  43.975   -2.825    1.879 
  44.000   -2.823    1.875 
  44.025   -2.821    1.871 
  44.050   -2.819    1.867 
  44.075   -2.817    1.863 
  44.100   -2.815    1.859 
  44.125   -2.813    1.855 
  44.150   -2.811    1.851 
  44.175   -2.809    1.848 
  44.200   -2.807    1.844 
  44.225   -2.804    1.840 
  44.250   -2.802    1.836 
  44.275   -2.800    1.832 
  44.300   -2.798    1.828 
  44.325   -2.796    1.824 
  44.350   -2.794    1.821 
  44.375   -2.792    1.817 
  44.400   -2.790    1.813 
  44.425   -2.788    1.809 
  44.450   -2.786    1.805 
  44.475   -2.783    1.802 
  44.500   -2.781    1.798 
  44.525   -2.779    1.794 
  44.550   -2.777    1.790 
  44.575   -2.775    1.787 
  44.600   -2.773    1.783 
  44.625   -2.771    1.779 
  44.650   -2.769    1.775 
  44.675   -2.767    1.772 
  44.700   -2.765    1.768 
  44.725   -2.762    1.764 
  44.750   -2.760    1.761 
  44.775   -2.758    1.757 
  44.800   -2.756    1.753 
  44.825   -2.754    1.750 
  44.850   -2.752    1.746 
  44.875   -2.750    1.742 
  44.900   -2.748    1.739 
  44.925   -2.746    1.735 
  44.950   -2.743    1.731 
  44.975   -2.741    1.728 
  45.000   -2.739    1.724 
  45.025   -2.737    1.720 
  45.050   -2.735    1.717 
  45.075   -2.733    1.713 
  45.100   -2.731    1.710 
  45.125   -2.729    1.706 
  45.150   -2.727    1.703 
  45.175   -2.725    1.699 
  45.200   -2.722    1.695 
  45.225   -2.720    1.692 
  45.250   -2.718    1.688 
  45.275   -2.716    1.685 
  45.300   -2.714    1.681 
  45.325   -2.712    1.678 
  45.350   -2.710    1.674 
  45.375   -2.708    1.671 
  45.400   -2.706    1.667 
  45.425   -2.704    1.664 
  45.450   -2.701    1.660 
  45.475   -2.699    1.657 
  45.500   -2.697    1.653 
  45.525   -2.695    1.650 
  45.550   -2.693    1.646 
  45.575   -2.691    1.643 
  45.600   -2.689    1.639 
  45.625   -2.687    1.636 
  45.650   -2.685    1.633 
  45.675   -2.682    1.629 
  45.700   -2.680    1.626 
  45.725   -2.678    1.622 
  45.750   -2.676    1.619 
  45.775   -2.674    1.616 
  45.800   -2.672    1.612 
  45.825   -2.670    1.609 
  45.850   -2.668    1.605 
  45.875   -2.666    1.602 
  45.900   -2.664    1.599 
  45.925   -2.661    1.595 
  45.950   -2.659    1.592 
  45.975   -2.657    1.589 
  46.000   -2.655    1.585 
  46.025   -2.653    1.582 
  46.050   -2.651    1.579 
  46.075   -2.649    1.575 
  46.100   -2.647    1.572 
  46.125   -2.645    1.569 
  46.150   -2.643    1.566 
  46.175   -2.640    1.562 
  46.200   -2.638    1.559 
  46.225   -2.636    1.556 
  46.250   -2.634    1.552 
  46.275   -2.632    1.549 
  46.300   -2.630    1.546 
  46.325   -2.628    1.543 
  46.350   -2.626    1.539 
  46.375   -2.624    1.536 
  46.400   -2.622    1.533 
  46.425   -2.619    1.530 
  46.450   -2.617    1.527 
  46.475   -2.615    1.523 
  46.500   -2.613    1.520 
  46.525   -2.611    1.517 
  46.550   -2.609    1.514 
  46.575   -2.607    1.511 
  46.600   -2.605    1.508 
  46.625   -2.603    1.504 
  46.650   -2.600    1.501 
  46.675   -2.598    1.498 
  46.700   -2.596    1.495 
  46.725   -2.594    1.492 
  46.750   -2.592    1.489 
  46.775   -2.590    1.486 
  46.800   -2.588    1.482 
  46.825   -2.586    1.479 
  46.850   -2.584    1.476 
  46.875   -2.582    1.473 
  46.900   -2.579    1.470 
  46.925   -2.577    1.467 
  46.950   -2.575    1.464 
  46.975   -2.573    1.461 
  47.000   -2.571    1.458 
  47.025   -2.569    1.455 
  47.050   -2.567    1.452 
  47.075   -2.565    1.449 
  47.100   -2.563    1.446 
  47.125   -2.561    1.443 
  47.150   -2.558    1.440 
  47.175   -2.556    1.437 
  47.200   -2.554    1.434 
  47.225   -2.552    1.431 
  47.250   -2.550    1.428 
  47.275   -2.548    1.425 
  47.300   -2.546    1.422 
  47.325   -2.544    1.419 
  47.350   -2.542    1.416 
  47.375   -2.539    1.413 
  47.400   -2.537    1.410 
  47.425   -2.535    1.407 
  47.450   -2.533    1.404 
  47.475   -2.531    1.401 
  47.500   -2.529    1.398 
  47.525   -2.527    1.395 
  47.550   -2.525    1.392 
  47.575   -2.523    1.389 
  47.600   -2.521    1.386 
  47.625   -2.518    1.383 
  47.650   -2.516    1.380 
  47.675   -2.514    1.378 
  47.700   -2.512    1.375 
  47.725   -2.510    1.372 
  47.750   -2.508    1.369 
  47.775   -2.506    1.366 
  47.800   -2.504    1.363 
  47.825   -2.502    1.360 
  47.850   -2.500    1.357 
  47.875   -2.497    1.355 
  47.900   -2.495    1.352 
  47.925   -2.493    1.349 
  47.950   -2.491    1.346 
  47.975   -2.489    1.343 
  48.000   -2.487    1.341 
  48.025   -2.485    1.338 
  48.050   -2.483    1.335 
  48.075   -2.481    1.332 
  48.100   -2.479    1.329 
  48.125   -2.476    1.327 
  48.150   -2.474    1.324 
  48.175   -2.472    1.321 
  48.200   -2.470    1.318 
  48.225   -2.468    1.315 
  48.250   -2.466    1.313 
  48.275   -2.464    1.310 
  48.300   -2.462    1.307 
  48.325   -2.460    1.304 
  48.350   -2.457    1.302 
  48.375   -2.455    1.299 
  48.400   -2.453    1.296 
  48.425   -2.451    1.294 
  48.450   -2.449    1.291 
  48.475   -2.447    1.288 
  48.500   -2.445    1.285 
  48.525   -2.443    1.283 
  48.550   -2.441    1.280 
  48.575   -2.439    1.277 
  48.600   -2.436    1.275 
  48.625   -2.434    1.272 
  48.650   -2.432    1.269 
  48.675   -2.430    1.267 
  48.700   -2.428    1.264 
  48.725   -2.426    1.261 
  48.750   -2.424    1.259 
  48.775   -2.422    1.256 
  48.800   -2.420    1.254 
  48.825   -2.418    1.251 
  48.850   -2.415    1.248 
  48.875   -2.413    1.246 
  48.900   -2.411    1.243 
  48.925   -2.409    1.240 
  48.950   -2.407    1.238 
  48.975   -2.405    1.235 
  49.000   -2.403    1.233 
  49.025   -2.401    1.230 
  49.050   -2.399    1.227 
  49.075   -2.396    1.225 
  49.100   -2.394    1.222 
  49.125   -2.392    1.220 
  49.150   -2.390    1.217 
  49.175   -2.388    1.215 
  49.200   -2.386    1.212 
  49.225   -2.384    1.210 
  49.250   -2.382    1.207 
  49.275   -2.380    1.205 
  49.300   -2.378    1.202 
  49.325   -2.375    1.200 
  49.350   -2.373    1.197 
  49.375   -2.371    1.194 
  49.400   -2.369    1.192 
  49.425   -2.367    1.189 
  49.450   -2.365    1.187 
  49.475   -2.363    1.185 
  49.500   -2.361    1.182 
  49.525   -2.359    1.180 
  49.550   -2.357    1.177 
  49.575   -2.354    1.175 
  49.600   -2.352    1.172 
  49.625   -2.350    1.170 
  49.650   -2.348    1.167 
  49.675   -2.346    1.165 
  49.700   -2.344    1.162 
  49.725   -2.342    1.160 
  49.750   -2.340    1.157 
  49.775   -2.338    1.155 
  49.800   -2.336    1.153 
  49.825   -2.333    1.150 
  49.850   -2.331    1.148 
  49.875   -2.329    1.145 
  49.900   -2.327    1.143 
  49.925   -2.325    1.141 
  49.950   -2.323    1.138 
  49.975   -2.321    1.136 
  50.000   -2.319    1.133 
  50.025   -2.317    1.131 
  50.050   -2.314    1.129 
  50.075   -2.312    1.126 
  50.100   -2.310    1.124 
  50.125   -2.308    1.122 
  50.150   -2.306    1.119 
  50.175   -2.304    1.117 
  50.200   -2.302    1.115 
  50.225   -2.300    1.112 
  50.250   -2.298    1.110 
  50.275   -2.296    1.108 
  50.300   -2.293    1.105 
  50.325   -2.291    1.103 
  50.350   -2.289    1.101 
  50.375   -2.287    1.098 
  50.400   -2.285    1.096 
  50.425   -2.283    1.094 
  50.450   -2.281    1.091 
  50.475   -2.279    1.089 
  50.500   -2.277    1.087 
  50.525   -2.275    1.085 
  50.550   -2.272    1.082 
  50.575   -2.270    1.080 
  50.600   -2.268    1.078 
  50.625   -2.266    1.076 
  50.650   -2.264    1.073 
  50.675   -2.262    1.071 
  50.700   -2.260    1.069 
  50.725   -2.258    1.067 
  50.750   -2.256    1.064 
  50.775   -2.253    1.062 
  50.800   -2.251    1.060 
  50.825   -2.249    1.058 
  50.850   -2.247    1.055 
  50.875   -2.245    1.053 
  50.900   -2.243    1.051 
  50.925   -2.241    1.049 
  50.950   -2.239    1.047 
  50.975   -2.237    1.044 
  51.000   -2.235    1.042 
  51.025   -2.232    1.040 
  51.050   -2.230    1.038 
  51.075   -2.228    1.036 
  51.100   -2.226    1.034 
  51.125   -2.224    1.031 
  51.150   -2.222    1.029 
  51.175   -2.220    1.027 
  51.200   -2.218    1.025 
  51.225   -2.216    1.023 
  51.250   -2.214    1.021 
  51.275   -2.211    1.019 
  51.300   -2.209    1.016 
  51.325   -2.207    1.014 
  51.350   -2.205    1.012 
  51.375   -2.203    1.010 
  51.400   -2.201    1.008 
  51.425   -2.199    1.006 
  51.450   -2.197    1.004 
  51.475   -2.195    1.002 
  51.500   -2.193    0.999 
  51.525   -2.190    0.997 
  51.550   -2.188    0.995 
  51.575   -2.186    0.993 
  51.600   -2.184    0.991 
  51.625   -2.182    0.989 
  51.650   -2.180    0.987 
  51.675   -2.178    0.985 
  51.700   -2.176    0.983 
  51.725   -2.174    0.981 
  51.750   -2.171    0.979 
  51.775   -2.169    0.977 
  51.800   -2.167    0.975 
  51.825   -2.165    0.973 
  51.850   -2.163    0.971 
  51.875   -2.161    0.969 
  51.900   -2.159    0.966 
  51.925   -2.157    0.964 
  51.950   -2.155    0.962 
  51.975   -2.153    0.960 
  52.000   -2.150    0.958 
  52.025   -2.148    0.956 
  52.050   -2.146    0.954 
  52.075   -2.144    0.952 
  52.100   -2.142    0.950 
  52.125   -2.140    0.948 
  52.150   -2.138    0.946 
  52.175   -2.136    0.944 
  52.200   -2.134    0.942 
  52.225   -2.132    0.941 
  52.250   -2.129    0.939 
  52.275   -2.127    0.937 
  52.300   -2.125    0.935 
  52.325   -2.123    0.933 
  52.350   -2.121    0.931 
  52.375   -2.119    0.929 
  52.400   -2.117    0.927 
  52.425   -2.115    0.925 
  52.450   -2.113    0.923 
  52.475   -2.110    0.921 
  52.500   -2.108    0.919 
  52.525   -2.106    0.917 
  52.550   -2.104    0.915 
  52.575   -2.102    0.913 
  52.600   -2.100    0.911 
  52.625   -2.098    0.909 
  52.650   -2.096    0.908 
  52.675   -2.094    0.906 
  52.700   -2.092    0.904 
  52.725   -2.089    0.902 
  52.750   -2.087    0.900 
  52.775   -2.085    0.898 
  52.800   -2.083    0.896 
  52.825   -2.081    0.894 
  52.850   -2.079    0.892 
  52.875   -2.077    0.891 
  52.900   -2.075    0.889 
  52.925   -2.073    0.887 
  52.950   -2.071    0.885 
  52.975   -2.068    0.883 
  53.000   -2.066    0.881 
  53.025   -2.064    0.879 
  53.050   -2.062    0.878 
  53.075   -2.060    0.876 
  53.100   -2.058    0.874 
  53.125   -2.056    0.872 
  53.150   -2.054    0.870 
  53.175   -2.052    0.868 
  53.200   -2.050    0.867 
  53.225   -2.047    0.865 
  53.250   -2.045    0.863 
  53.275   -2.043    0.861 
  53.300   -2.041    0.859 
  53.325   -2.039    0.858 
  53.350   -2.037    0.856 
  53.375   -2.035    0.854 
  53.400   -2.033    0.852 
  53.425   -2.031    0.850 
  53.450   -2.028    0.849 
  53.475   -2.026    0.847 
  53.500   -2.024    0.845 
  53.525   -2.022    0.843 
  53.550   -2.020    0.842 
  53.575   -2.018    0.840 
  53.600   -2.016    0.838 
  53.625   -2.014    0.836 
  53.650   -2.012    0.835 
  53.675   -2.010    0.833 
  53.700   -2.007    0.831 
  53.725   -2.005    0.829 
  53.750   -2.003    0.828 
  53.775   -2.001    0.826 
  53.800   -1.999    0.824 
  53.825   -1.997    0.822 
  53.850   -1.995    0.821 
  53.875   -1.993    0.819 
  53.900   -1.991    0.817 
  53.925   -1.989    0.816 
  53.950   -1.986    0.814 
  53.975   -1.984    0.812 
  54.000   -1.982    0.810 
  54.025   -1.980    0.809 
  54.050   -1.978    0.807 
  54.075   -1.976    0.805 
  54.100   -1.974    0.804 
  54.125   -1.972    0.802 
  54.150   -1.970    0.800 
  54.175   -1.967    0.799 
  54.200   -1.965    0.797 
  54.225   -1.963    0.795 
  54.250   -1.961    0.794 
  54.275   -1.959    0.792 
  54.300   -1.957    0.790 
  54.325   -1.955    0.789 
  54.350   -1.953    0.787 
  54.375   -1.951    0.785 
  54.400   -1.949    0.784 
  54.425   -1.946    0.782 
  54.450   -1.944    0.780 
  54.475   -1.942    0.779 
  54.500   -1.940    0.777 
  54.525   -1.938    0.775 
  54.550   -1.936    0.774 
  54.575   -1.934    0.772 
  54.600   -1.932    0.771 
  54.625   -1.930    0.769 
  54.650   -1.928    0.767 
  54.675   -1.925    0.766 
  54.700   -1.923    0.764 
  54.725   -1.921    0.763 
  54.750   -1.919    0.761 
  54.775   -1.917    0.759 
  54.800   -1.915    0.758 
  54.825   -1.913    0.756 
  54.850   -1.911    0.755 
  54.875   -1.909    0.753 
  54.900   -1.907    0.751 
  54.925   -1.904    0.750 
  54.950   -1.902    0.748 
  54.975   -1.900    0.747 
  55.000   -1.898    0.745 
  55.025   -1.896    0.744 
  55.050   -1.894    0.742 
  55.075   -1.892    0.741 
  55.100   -1.890    0.739 
  55.125   -1.888    0.737 
  55.150   -1.885    0.736 
  55.175   -1.883    0.734 
  55.200   -1.881    0.733 
  55.225   -1.879    0.731 
  55.250   -1.877    0.730 
  55.275   -1.875    0.728 
  55.300   -1.873    0.727 
  55.325   -1.871    0.725 
  55.350   -1.869    0.724 
  55.375   -1.867    0.722 
  55.400   -1.864    0.721 
  55.425   -1.862    0.719 
  55.450   -1.860    0.718 
  55.475   -1.858    0.716 
  55.500   -1.856    0.715 
  55.525   -1.854    0.713 
  55.550   -1.852    0.712 
  55.575   -1.850    0.710 
  55.600   -1.848    0.709 
  55.625   -1.846    0.707 
  55.650   -1.843    0.706 
  55.675   -1.841    0.704 
  55.700   -1.839    0.703 
  55.725   -1.837    0.701 
  55.750   -1.835    0.700 
  55.775   -1.833    0.698 
  55.800   -1.831    0.697 
  55.825   -1.829    0.695 
  55.850   -1.827    0.694 
  55.875   -1.824    0.692 
  55.900   -1.822    0.691 
  55.925   -1.820    0.690 
  55.950   -1.818    0.688 
  55.975   -1.816    0.687 
  56.000   -1.814    0.685 
  56.025   -1.812    0.684 
  56.050   -1.810    0.682 
  56.075   -1.808    0.681 
  56.100   -1.806    0.680 
  56.125   -1.803    0.678 
  56.150   -1.801    0.677 
  56.175   -1.799    0.675 
  56.200   -1.797    0.674 
  56.225   -1.795    0.672 
  56.250   -1.793    0.671 
  56.275   -1.791    0.670 
  56.300   -1.789    0.668 
  56.325   -1.787    0.667 
  56.350   -1.785    0.665 
  56.375   -1.782    0.664 
  56.400   -1.780    0.663 
  56.425   -1.778    0.661 
  56.450   -1.776    0.660 
  56.475   -1.774    0.658 
  56.500   -1.772    0.657 
  56.525   -1.770    0.656 
  56.550   -1.768    0.654 
  56.575   -1.766    0.653 
  56.600   -1.764    0.652 
  56.625   -1.761    0.650 
  56.650   -1.759    0.649 
  56.675   -1.757    0.648 
  56.700   -1.755    0.646 
  56.725   -1.753    0.645 
  56.750   -1.751    0.643 
  56.775   -1.749    0.642 
  56.800   -1.747    0.641 
  56.825   -1.745    0.639 
  56.850   -1.742    0.638 
  56.875   -1.740    0.637 
  56.900   -1.738    0.635 
  56.925   -1.736    0.634 
  56.950   -1.734    0.633 
  56.975   -1.732    0.631 
  57.000   -1.730    0.630 
  57.025   -1.728    0.629 
  57.050   -1.726    0.627 
  57.075   -1.724    0.626 
  57.100   -1.721    0.625 
  57.125   -1.719    0.624 
  57.150   -1.717    0.622 
  57.175   -1.715    0.621 
  57.200   -1.713    0.620 
  57.225   -1.711    0.618 
  57.250   -1.709    0.617 
  57.275   -1.707    0.616 
  57.300   -1.705    0.614 
  57.325   -1.703    0.613 
  57.350   -1.700    0.612 
  57.375   -1.698    0.611 
  57.400   -1.696    0.609 
  57.425   -1.694    0.608 
  57.450   -1.692    0.607 
  57.475   -1.690    0.605 
  57.500   -1.688    0.604 
  57.525   -1.686    0.603 
  57.550   -1.684    0.602 
  57.575   -1.681    0.600 
  57.600   -1.679    0.599 
  57.625   -1.677    0.598 
  57.650   -1.675    0.597 
  57.675   -1.673    0.595 
  57.700   -1.671    0.594 
  57.725   -1.669    0.593 
  57.750   -1.667    0.592 
  57.775   -1.665    0.590 
  57.800   -1.663    0.589 
  57.825   -1.660    0.588 
  57.850   -1.658    0.587 
  57.875   -1.656    0.586 
  57.900   -1.654    0.584 
  57.925   -1.652    0.583 
  57.950   -1.650    0.582 
  57.975   -1.648    0.581 
  58.000   -1.646    0.579 
  58.025   -1.644    0.578 
  58.050   -1.642    0.577 
  58.075   -1.639    0.576 
  58.100   -1.637    0.575 
  58.125   -1.635    0.573 
  58.150   -1.633    0.572 
  58.175   -1.632    0.571 
  58.200   -1.631    0.570 
  58.225   -1.629    0.569 
  58.250   -1.628    0.567 
  58.275   -1.627    0.566 
  58.300   -1.626    0.565 
  58.325   -1.625    0.564 
  58.350   -1.623    0.563 
  58.375   -1.622    0.561 
  58.400   -1.621    0.560 
  58.425   -1.620    0.559 
  58.450   -1.619    0.558 
  58.475   -1.617    0.557 
  58.500   -1.616    0.556 
  58.525   -1.615    0.554 
  58.550   -1.614    0.553 
  58.575   -1.613    0.552 
  58.600   -1.611    0.551 
  58.625   -1.610    0.550 
  58.650   -1.609    0.549 
  58.675   -1.608    0.548 
  58.700   -1.607    0.546 
  58.725   -1.605    0.545 
  58.750   -1.604    0.544 
  58.775   -1.603    0.543 
  58.800   -1.602    0.542 
  58.825   -1.601    0.541 
  58.850   -1.599    0.540 
  58.875   -1.598    0.538 
  58.900   -1.597    0.537 
  58.925   -1.596    0.536 
  58.950   -1.595    0.535 
  58.975   -1.594    0.534 
  59.000   -1.592    0.533 
  59.025   -1.591    0.532 
  59.050   -1.590    0.531 
  59.075   -1.589    0.529 
  59.100   -1.588    0.528 
  59.125   -1.586    0.527 
  59.150   -1.585    0.526 
  59.175   -1.584    0.525 
  59.200   -1.583    0.524 
  59.225   -1.582    0.523 
  59.250   -1.580    0.522 
  59.275   -1.579    0.521 
  59.300   -1.578    0.520 
  59.325   -1.577    0.518 
  59.350   -1.576    0.517 
  59.375   -1.574    0.516 
  59.400   -1.573    0.515 
  59.425   -1.572    0.514 
  59.450   -1.571    0.513 
  59.475   -1.570    0.512 
  59.500   -1.568    0.511 
  59.525   -1.567    0.510 
  59.550   -1.566    0.509 
  59.575   -1.565    0.508 
  59.600   -1.564    0.507 
  59.625   -1.562    0.506 
  59.650   -1.561    0.505 
  59.675   -1.560    0.503 
  59.700   -1.559    0.502 
  59.725   -1.558    0.501 
  59.750   -1.556    0.500 
  59.775   -1.555    0.499 
  59.800   -1.554    0.498 
  59.825   -1.553    0.497 
  59.850   -1.552    0.496 
  59.875   -1.551    0.495 
  59.900   -1.549    0.494 
  59.925   -1.548    0.493 
  59.950   -1.547    0.492 
  59.975   -1.546    0.491 
  60.000   -1.545    0.490 
  60.025   -1.543    0.489 
  60.050   -1.542    0.488 
  60.075   -1.541    0.487 
  60.100   -1.540    0.486 
  60.125   -1.539    0.485 
  60.150   -1.537    0.484 
  60.175   -1.536    0.483 
  60.200   -1.535    0.482 
  60.225   -1.534    0.481 
  60.250   -1.533    0.480 
  60.275   -1.531    0.479 
  60.300   -1.530    0.478 
  60.325   -1.529    0.477 
  60.350   -1.528    0.476 
  60.375   -1.527    0.475 
  60.400   -1.525    0.474 
  60.425   -1.524    0.473 
  60.450   -1.523    0.472 
  60.475   -1.522    0.471 
  60.500   -1.521    0.470 
  60.525   -1.519    0.469 
  60.550   -1.518    0.468 
  60.575   -1.517    0.467 
  60.600   -1.516    0.466 
  60.625   -1.515    0.465 
  60.650   -1.513    0.464 
  60.675   -1.512    0.463 
  60.700   -1.511    0.462 
  60.725   -1.510    0.461 
  60.750   -1.509    0.460 
  60.775   -1.508    0.459 
  60.800   -1.506    0.458 
  60.825   -1.505    0.457 
  60.850   -1.504    0.456 
  60.875   -1.503    0.455 
  60.900   -1.502    0.454 
  60.925   -1.500    0.453 
  60.950   -1.499    0.452 
  60.975   -1.498    0.451 
  61.000   -1.497    0.451 
  61.025   -1.496    0.450 
  61.050   -1.494    0.449 
  61.075   -1.493    0.448 
  61.100   -1.492    0.447 
  61.125   -1.491    0.446 
  61.150   -1.490    0.445 
  61.175   -1.488    0.444 
  61.200   -1.487    0.443 
  61.225   -1.486    0.442 
  61.250   -1.485    0.441 
  61.275   -1.484    0.440 
  61.300   -1.482    0.439 
  61.325   -1.481    0.438 
  61.350   -1.480    0.437 
  61.375   -1.479    0.437 
  61.400   -1.478    0.436 
  61.425   -1.476    0.435 
  61.450   -1.475    0.434 
  61.475   -1.474    0.433 
  61.500   -1.473    0.432 
  61.525   -1.472    0.431 
  61.550   -1.471    0.430 
  61.575   -1.469    0.429 
  61.600   -1.468    0.428 
  61.625   -1.467    0.427 
  61.650   -1.466    0.427 
  61.675   -1.465    0.426 
  61.700   -1.463    0.425 
  61.725   -1.462    0.424 
  61.750   -1.461    0.423 
  61.775   -1.460    0.422 
  61.800   -1.459    0.421 
  61.825   -1.457    0.420 
  61.850   -1.456    0.420 
  61.875   -1.455    0.419 
  61.900   -1.454    0.418 
  61.925   -1.453    0.417 
  61.950   -1.451    0.416 
  61.975   -1.450    0.415 
  62.000   -1.449    0.414 
  62.025   -1.448    0.413 
  62.050   -1.447    0.413 
  62.075   -1.445    0.412 
  62.100   -1.444    0.411 
  62.125   -1.443    0.410 
  62.150   -1.442    0.409 
  62.175   -1.441    0.408 
  62.200   -1.439    0.407 
  62.225   -1.438    0.407 
  62.250   -1.437    0.406 
  62.275   -1.436    0.405 
  62.300   -1.435    0.404 
  62.325   -1.433    0.403 
  62.350   -1.432    0.402 
  62.375   -1.431    0.401 
  62.400   -1.430    0.401 
  62.425   -1.429    0.400 
  62.450   -1.428    0.399 
  62.475   -1.426    0.398 
  62.500   -1.425    0.397 
  62.525   -1.424    0.396 
  62.550   -1.423    0.396 
  62.575   -1.422    0.395 
  62.600   -1.420    0.394 
  62.625   -1.419    0.393 
  62.650   -1.418    0.392 
  62.675   -1.417    0.391 
  62.700   -1.416    0.391 
  62.725   -1.414    0.390 
  62.750   -1.413    0.389 
  62.775   -1.412    0.388 
  62.800   -1.411    0.387 
  62.825   -1.410    0.387 
  62.850   -1.408    0.386 
  62.875   -1.407    0.385 
  62.900   -1.406    0.384 
  62.925   -1.405    0.383 
  62.950   -1.404    0.383 
  62.975   -1.402    0.382 
  63.000   -1.401    0.381 
  63.025   -1.400    0.380 
  63.050   -1.399    0.379 
  63.075   -1.398    0.379 
  63.100   -1.396    0.378 
  63.125   -1.395    0.377 
  63.150   -1.394    0.376 
  63.175   -1.393    0.375 
  63.200   -1.392    0.375 
  63.225   -1.390    0.374 
  63.250   -1.389    0.373 
  63.275   -1.388    0.372 
  63.300   -1.387    0.371 
  63.325   -1.386    0.371 
  63.350   -1.385    0.370 
  63.375   -1.383    0.369 
  63.400   -1.382    0.368 
  63.425   -1.381    0.368 
  63.450   -1.380    0.367 
  63.475   -1.379    0.366 
  63.500   -1.377    0.365 
  63.525   -1.376    0.365 
  63.550   -1.375    0.364 
  63.575   -1.374    0.363 
  63.600   -1.373    0.362 
  63.625   -1.371    0.361 
  63.650   -1.370    0.361 
  63.675   -1.369    0.360 
  63.700   -1.368    0.359 
  63.725   -1.367    0.358 
  63.750   -1.365    0.358 
  63.775   -1.364    0.357 
  63.800   -1.363    0.356 
  63.825   -1.362    0.355 
  63.850   -1.361    0.355 
  63.875   -1.359    0.354 
  63.900   -1.358    0.353 
  63.925   -1.357    0.352 
  63.950   -1.356    0.352 
  63.975   -1.355    0.351 
  64.000   -1.353    0.350 
  64.025   -1.352    0.350 
  64.050   -1.351    0.349 
  64.075   -1.350    0.348 
  64.100   -1.349    0.347 
  64.125   -1.347    0.347 
  64.150   -1.346    0.346 
  64.175   -1.345    0.345 
  64.200   -1.344    0.344 
  64.225   -1.343    0.344 
  64.250   -1.342    0.343 
  64.275   -1.340    0.342 
  64.300   -1.339    0.342 
  64.325   -1.338    0.341 
  64.350   -1.337    0.340 
  64.375   -1.336    0.339 
  64.400   -1.334    0.339 
  64.425   -1.333    0.338 
  64.450   -1.332    0.337 
  64.475   -1.331    0.337 
  64.500   -1.330    0.336 
  64.525   -1.328    0.335 
  64.550   -1.327    0.334 
  64.575   -1.326    0.334 
  64.600   -1.325    0.333 
  64.625   -1.324    0.332 
  64.650   -1.322    0.332 
  64.675   -1.321    0.331 
  64.700   -1.320    0.330 
  64.725   -1.319    0.330 
  64.750   -1.318    0.329 
  64.775   -1.316    0.328 
  64.800   -1.315    0.328 
  64.825   -1.314    0.327 
  64.850   -1.313    0.326 
  64.875   -1.312    0.325 
  64.900   -1.310    0.325 
  64.925   -1.309    0.324 
  64.950   -1.308    0.323 
  64.975   -1.307    0.323 
  65.000   -1.306    0.322 
  65.025   -1.305    0.321 
  65.050   -1.303    0.321 
  65.075   -1.302    0.320 
  65.100   -1.301    0.319 
  65.125   -1.300    0.319 
  65.150   -1.299    0.318 
  65.175   -1.297    0.317 
  65.200   -1.296    0.317 
  65.225   -1.295    0.316 
  65.250   -1.294    0.315 
  65.275   -1.293    0.315 
  65.300   -1.291    0.314 
  65.325   -1.290    0.313 
  65.350   -1.289    0.313 
  65.375   -1.288    0.312 
  65.400   -1.287    0.311 
  65.425   -1.285    0.311 
  65.450   -1.284    0.310 
  65.475   -1.283    0.310 
  65.500   -1.282    0.309 
  65.525   -1.281    0.308 
  65.550   -1.279    0.308 
  65.575   -1.278    0.307 
  65.600   -1.277    0.306 
  65.625   -1.276    0.306 
  65.650   -1.275    0.305 
  65.675   -1.273    0.304 
  65.700   -1.272    0.304 
  65.725   -1.271    0.303 
  65.750   -1.270    0.302 
  65.775   -1.269    0.302 
  65.800   -1.267    0.301 
  65.825   -1.266    0.301 
  65.850   -1.265    0.300 
  65.875   -1.264    0.299 
  65.900   -1.263    0.299 
  65.925   -1.262    0.298 
  65.950   -1.260    0.297 
  65.975   -1.259    0.297 
  66.000   -1.258    0.296 
  66.025   -1.257    0.296 
  66.050   -1.256    0.295 
  66.075   -1.254    0.294 
  66.100   -1.253    0.294 
  66.125   -1.252    0.293 
  66.150   -1.251    0.292 
  66.175   -1.250    0.292 
  66.200   -1.248    0.291 
  66.225   -1.247    0.291 
  66.250   -1.246    0.290 
  66.275   -1.245    0.289 
  66.300   -1.244    0.289 
  66.325   -1.242    0.288 
  66.350   -1.241    0.288 
  66.375   -1.240    0.287 
  66.400   -1.239    0.286 
  66.425   -1.238    0.286 
  66.450   -1.236    0.285 
  66.475   -1.235    0.285 
  66.500   -1.234    0.284 
  66.525   -1.233    0.283 
  66.550   -1.232    0.283 
  66.575   -1.230    0.282 
  66.600   -1.229    0.282 
  66.625   -1.228    0.281 
  66.650   -1.227    0.280 
  66.675   -1.226    0.280 
  66.700   -1.224    0.279 
  66.725   -1.223    0.279 
  66.750   -1.222    0.278 
  66.775   -1.221    0.278 
  66.800   -1.220    0.277 
  66.825   -1.219    0.276 
  66.850   -1.217    0.276 
  66.875   -1.216    0.275 
  66.900   -1.215    0.275 
  66.925   -1.214    0.274 
  66.950   -1.213    0.273 
  66.975   -1.211    0.273 
  67.000   -1.210    0.272 
  67.025   -1.209    0.272 
  67.050   -1.208    0.271 
  67.075   -1.207    0.271 
  67.100   -1.205    0.270 
  67.125   -1.204    0.270 
  67.150   -1.203    0.269 
  67.175   -1.202    0.268 
  67.200   -1.201    0.268 
  67.225   -1.199    0.267 
  67.250   -1.198    0.267 
  67.275   -1.197    0.266 
  67.300   -1.196    0.266 
  67.325   -1.195    0.265 
  67.350   -1.193    0.264 
  67.375   -1.192    0.264 
  67.400   -1.191    0.263 
  67.425   -1.190    0.263 
  67.450   -1.189    0.262 
  67.475   -1.187    0.262 
  67.500   -1.186    0.261 
  67.525   -1.185    0.261 
  67.550   -1.184    0.260 
  67.575   -1.183    0.260 
  67.600   -1.181    0.259 
  67.625   -1.180    0.258 
  67.650   -1.179    0.258 
  67.675   -1.178    0.257 
  67.700   -1.177    0.257 
  67.725   -1.176    0.256 
  67.750   -1.174    0.256 
  67.775   -1.173    0.255 
  67.800   -1.172    0.255 
  67.825   -1.171    0.254 
  67.850   -1.170    0.254 
  67.875   -1.168    0.253 
  67.900   -1.167    0.253 
  67.925   -1.166    0.252 
  67.950   -1.165    0.251 
  67.975   -1.164    0.251 
  68.000   -1.162    0.250 
  68.025   -1.161    0.250 
  68.050   -1.160    0.249 
  68.075   -1.159    0.249 
  68.100   -1.158    0.248 
  68.125   -1.156    0.248 
  68.150   -1.155    0.247 
  68.175   -1.154    0.247 
  68.200   -1.153    0.246 
  68.225   -1.152    0.246 
  68.250   -1.150    0.245 
  68.275   -1.149    0.245 
  68.300   -1.148    0.244 
  68.325   -1.147    0.244 
  68.350   -1.146    0.243 
  68.375   -1.144    0.243 
  68.400   -1.143    0.242 
  68.425   -1.142    0.242 
  68.450   -1.141    0.241 
  68.475   -1.140    0.241 
  68.500   -1.139    0.240 
  68.525   -1.137    0.240 
  68.550   -1.136    0.239 
  68.575   -1.135    0.239 
  68.600   -1.134    0.238 
  68.625   -1.133    0.238 
  68.650   -1.131    0.237 
  68.675   -1.130    0.237 
  68.700   -1.129    0.236 
  68.725   -1.128    0.236 
  68.750   -1.127    0.235 
  68.775   -1.125    0.235 
  68.800   -1.124    0.234 
  68.825   -1.123    0.234 
  68.850   -1.122    0.233 
  68.875   -1.121    0.233 
  68.900   -1.119    0.232 
  68.925   -1.118    0.232 
  68.950   -1.117    0.231 
  68.975   -1.116    0.231 
  69.000   -1.115    0.230 
  69.025   -1.113    0.230 
  69.050   -1.112    0.229 
  69.075   -1.111    0.229 
  69.100   -1.110    0.228 
  69.125   -1.109    0.228 
  69.150   -1.107    0.227 
  69.175   -1.106    0.227 
  69.200   -1.105    0.226 
  69.225   -1.104    0.226 
  69.250   -1.103    0.226 
  69.275   -1.101    0.225 
  69.300   -1.100    0.225 
  69.325   -1.099    0.224 
  69.350   -1.098    0.224 
  69.375   -1.097    0.223 
  69.400   -1.096    0.223 
  69.425   -1.094    0.222 
  69.450   -1.093    0.222 
  69.475   -1.092    0.221 
  69.500   -1.091    0.221 
  69.525   -1.090    0.220 
  69.550   -1.088    0.220 
  69.575   -1.087    0.219 
  69.600   -1.086    0.219 
  69.625   -1.085    0.219 
  69.650   -1.084    0.218 
  69.675   -1.082    0.218 
  69.700   -1.081    0.217 
  69.725   -1.080    0.217 
  69.750   -1.079    0.216 
  69.775   -1.078    0.216 
  69.800   -1.076    0.215 
  69.825   -1.075    0.215 
  69.850   -1.074    0.214 
  69.875   -1.073    0.214 
  69.900   -1.072    0.214 
  69.925   -1.070    0.213 
  69.950   -1.069    0.213 
  69.975   -1.068    0.212 
  70.000   -1.067    0.212 
  70.025   -1.066    0.211 
  70.050   -1.064    0.211 
  70.075   -1.063    0.210 
  70.100   -1.062    0.210 
  70.125   -1.061    0.210 
  70.150   -1.060    0.209 
  70.175   -1.058    0.209 
  70.200   -1.057    0.208 
  70.225   -1.056    0.208 
  70.250   -1.055    0.207 
  70.275   -1.054    0.207 
  70.300   -1.053    0.206 
  70.325   -1.051    0.206 
  70.350   -1.050    0.206 
  70.375   -1.049    0.205 
  70.400   -1.048    0.205 
  70.425   -1.047    0.204 
  70.450   -1.045    0.204 
  70.475   -1.044    0.203 
  70.500   -1.043    0.203 
  70.525   -1.042    0.203 
  70.550   -1.041    0.202 
  70.575   -1.039    0.202 
  70.600   -1.038    0.201 
  70.625   -1.037    0.201 
  70.650   -1.036    0.201 
  70.675   -1.035    0.200 
  70.700   -1.033    0.200 
  70.725   -1.032    0.199 
  70.750   -1.031    0.199 
  70.775   -1.030    0.198 
  70.800   -1.029    0.198 
  70.825   -1.027    0.198 
  70.850   -1.026    0.197 
  70.875   -1.025    0.197 
  70.900   -1.024    0.196 
  70.925   -1.023    0.196 
  70.950   -1.021    0.196 
  70.975   -1.020    0.195 
  71.000   -1.019    0.195 
  71.025   -1.018    0.194 
  71.050   -1.017    0.194 
  71.075   -1.015    0.194 
  71.100   -1.014    0.193 
  71.125   -1.013    0.193 
  71.150   -1.012    0.192 
  71.175   -1.011    0.192 
  71.200   -1.010    0.191 
  71.225   -1.008    0.191 
  71.250   -1.007    0.191 
  71.275   -1.006    0.190 
  71.300   -1.005    0.190 
  71.325   -1.004    0.189 
  71.350   -1.002    0.189 
  71.375   -1.001    0.189 
  71.400   -1.000    0.188 
  71.425   -0.999    0.188 
  71.450   -0.998    0.188 
  71.475   -0.996    0.187 
  71.500   -0.995    0.187 
  71.525   -0.994    0.186 
  71.550   -0.993    0.186 
  71.575   -0.992    0.186 
  71.600   -0.990    0.185 
  71.625   -0.989    0.185 
  71.650   -0.988    0.184 
  71.675   -0.987    0.184 
  71.700   -0.986    0.184 
  71.725   -0.984    0.183 
  71.750   -0.983    0.183 
  71.775   -0.982    0.182 
  71.800   -0.981    0.182 
  71.825   -0.980    0.182 
  71.850   -0.978    0.181 
  71.875   -0.977    0.181 
  71.900   -0.976    0.181 
  71.925   -0.975    0.180 
  71.950   -0.974    0.180 
  71.975   -0.973    0.179 
  72.000   -0.971    0.179 
  72.025   -0.970    0.179 
  72.050   -0.969    0.178 
  72.075   -0.968    0.178 
  72.100   -0.967    0.178 
  72.125   -0.965    0.177 
  72.150   -0.964    0.177 
  72.175   -0.963    0.176 
  72.200   -0.962    0.176 
  72.225   -0.961    0.176 
  72.250   -0.959    0.175 
  72.275   -0.958    0.175 
  72.300   -0.957    0.175 
  72.325   -0.956    0.174 
  72.350   -0.955    0.174 
  72.375   -0.953    0.174 
  72.400   -0.952    0.173 
  72.425   -0.951    0.173 
  72.450   -0.950    0.172 
  72.475   -0.949    0.172 
  72.500   -0.947    0.172 
  72.525   -0.946    0.171 
  72.550   -0.945    0.171 
  72.575   -0.944    0.171 
  72.600   -0.943    0.170 
  72.625   -0.941    0.170 
  72.650   -0.940    0.170 
  72.675   -0.939    0.169 
  72.700   -0.938    0.169 
  72.725   -0.937    0.168 
  72.750   -0.935    0.168 
  72.775   -0.934    0.168 
  72.800   -0.933    0.167 
  72.825   -0.932    0.167 
  72.850   -0.931    0.167 
  72.875   -0.930    0.166 
  72.900   -0.928    0.166 
  72.925   -0.927    0.166 
  72.950   -0.926    0.165 
  72.975   -0.925    0.165 
  73.000   -0.924    0.165 
  73.025   -0.922    0.164 
  73.050   -0.921    0.164 
  73.075   -0.920    0.164 
  73.100   -0.919    0.163 
  73.125   -0.918    0.163 
  73.150   -0.916    0.163 
  73.175   -0.915    0.162 
  73.200   -0.914    0.162 
  73.225   -0.913    0.162 
  73.250   -0.912    0.161 
  73.275   -0.910    0.161 
  73.300   -0.909    0.161 
  73.325   -0.908    0.160 
  73.350   -0.907    0.160 
  73.375   -0.906    0.160 
  73.400   -0.904    0.159 
  73.425   -0.903    0.159 
  73.450   -0.902    0.159 
  73.475   -0.901    0.158 
  73.500   -0.900    0.158 
  73.525   -0.898    0.158 
  73.550   -0.897    0.157 
  73.575   -0.896    0.157 
  73.600   -0.895    0.157 
  73.625   -0.894    0.156 
  73.650   -0.892    0.156 
  73.675   -0.891    0.156 
  73.700   -0.890    0.155 
  73.725   -0.889    0.155 
  73.750   -0.888    0.155 
  73.775   -0.887    0.154 
  73.800   -0.885    0.154 
  73.825   -0.884    0.154 
  73.850   -0.883    0.153 
  73.875   -0.882    0.153 
  73.900   -0.881    0.153 
  73.925   -0.879    0.152 
  73.950   -0.878    0.152 
  73.975   -0.877    0.152 
  74.000   -0.876    0.151 
  74.025   -0.875    0.151 
  74.050   -0.873    0.151 
  74.075   -0.872    0.150 
  74.100   -0.871    0.150 
  74.125   -0.870    0.150 
  74.150   -0.869    0.150 
  74.175   -0.867    0.149 
  74.200   -0.866    0.149 
  74.225   -0.865    0.149 
  74.250   -0.864    0.148 
  74.275   -0.863    0.148 
  74.300   -0.861    0.148 
  74.325   -0.860    0.147 
  74.350   -0.859    0.147 
  74.375   -0.858    0.147 
  74.400   -0.857    0.146 
  74.425   -0.855    0.146 
  74.450   -0.854    0.146 
  74.475   -0.853    0.145 
  74.500   -0.852    0.145 
  74.525   -0.851    0.145 
  74.550   -0.849    0.145 
  74.575   -0.848    0.144 
  74.600   -0.847    0.144 
  74.625   -0.846    0.144 
  74.650   -0.845    0.143 
  74.675   -0.844    0.143 
  74.700   -0.842    0.143 
  74.725   -0.841    0.142 
  74.750   -0.840    0.142 
  74.775   -0.839    0.142 
  74.800   -0.838    0.142 
  74.825   -0.836    0.141 
  74.850   -0.835    0.141 
  74.875   -0.834    0.141 
  74.900   -0.833    0.140 
  74.925   -0.832    0.140 
  74.950   -0.830    0.140 
  74.975   -0.829    0.140 
  75.000   -0.828    0.139 
  75.025   -0.827    0.139 
  75.050   -0.826    0.139 
  75.075   -0.824    0.138 
  75.100   -0.823    0.138 
  75.125   -0.822    0.138 
  75.150   -0.821    0.137 
  75.175   -0.820    0.137 
  75.200   -0.818    0.137 
  75.225   -0.817    0.137 
  75.250   -0.816    0.136 
  75.275   -0.816    0.136 
  75.300   -0.816    0.136 
  75.325   -0.816    0.135 
  75.350   -0.816    0.135 
  75.375   -0.816    0.135 
  75.400   -0.816    0.135 
  75.425   -0.816    0.134 
  75.450   -0.816    0.134 
  75.475   -0.816    0.134 
  75.500   -0.816    0.134 
  75.525   -0.816    0.133 
  75.550   -0.816    0.133 
  75.575   -0.816    0.133 
  75.600   -0.816    0.132 
  75.625   -0.816    0.132 
  75.650   -0.816    0.132 
  75.675   -0.816    0.132 
  75.700   -0.816    0.131 
  75.725   -0.816    0.131 
  75.750   -0.816    0.131 
  75.775   -0.816    0.130 
  75.800   -0.816    0.130 
  75.825   -0.816    0.130 
  75.850   -0.816    0.130 
  75.875   -0.816    0.129 
  75.900   -0.816    0.129 
  75.925   -0.816    0.129 
  75.950   -0.816    0.129 
  75.975   -0.816    0.128 
  76.000   -0.816    0.128 
  76.025   -0.816    0.128 
  76.050   -0.816    0.127 
  76.075   -0.816    0.127 
  76.100   -0.816    0.127 
  76.125   -0.816    0.127 
  76.150   -0.816    0.126 
  76.175   -0.816    0.126 
  76.200   -0.816    0.126 
  76.225   -0.816    0.126 
  76.250   -0.816    0.125 
  76.275   -0.816    0.125 
  76.300   -0.816    0.125 
  76.325   -0.816    0.125 
  76.350   -0.816    0.124 
  76.375   -0.816    0.124 
  76.400   -0.816    0.124 
  76.425   -0.816    0.124 
  76.450   -0.816    0.123 
  76.475   -0.816    0.123 
  76.500   -0.816    0.123 
  76.525   -0.816    0.123 
  76.550   -0.816    0.122 
  76.575   -0.816    0.122 
  76.600   -0.816    0.122 
  76.625   -0.816    0.121 
  76.650   -0.816    0.121 
  76.675   -0.816    0.121 
  76.700   -0.816    0.121 
  76.725   -0.816    0.120 
  76.750   -0.816    0.120 
  76.775   -0.816    0.120 
  76.800   -0.816    0.120 
  76.825   -0.816    0.119 
  76.850   -0.816    0.119 
  76.875   -0.816    0.119 
  76.900   -0.816    0.119 
  76.925   -0.816    0.118 
  76.950   -0.816    0.118 
  76.975   -0.816    0.118 
  77.000   -0.816    0.118 
  77.025   -0.816    0.117 
  77.050   -0.816    0.117 
  77.075   -0.816    0.117 
  77.100   -0.816    0.117 
  77.125   -0.816    0.116 
  77.150   -0.816    0.116 
  77.175   -0.816    0.116 
  77.200   -0.816    0.116 
  77.225   -0.816    0.116 
  77.250   -0.816    0.115 
  77.275   -0.816    0.115 
  77.300   -0.816    0.115 
  77.325   -0.816    0.115 
  77.350   -0.816    0.114 
  77.375   -0.816    0.114 
  77.400   -0.816    0.114 
  77.425   -0.816    0.114 
  77.450   -0.816    0.113 
  77.475   -0.816    0.113 
  77.500   -0.816    0.113 
  77.525   -0.816    0.113 
  77.550   -0.816    0.112 
  77.575   -0.816    0.112 
  77.600   -0.816    0.112 
  77.625   -0.816    0.112 
  77.650   -0.816    0.111 
  77.675   -0.816    0.111 
  77.700   -0.816    0.111 
  77.725   -0.816    0.111 
  77.750   -0.816    0.111 
  77.775   -0.816    0.110 
  77.800   -0.816    0.110 
  77.825   -0.816    0.110 
  77.850   -0.816    0.110 
  77.875   -0.816    0.109 
  77.900   -0.816    0.109 
  77.925   -0.816    0.109 
  77.950   -0.816    0.109 
  77.975   -0.816    0.108 
