       0.000
       0.500
      66.000
      23.000
      90.000
     400.000
       0.200
       0.000
      10.000
      20.000
       0.300
       1.500
       1.000
       0.500
       0.500
     200.000
      20.000
       1.000
       0.300
       0.000
       0.000
       1.500
       0.000
      50.000
       1.500
       0.000
     100.000
       0.300
       1.000
  0
  6
  1
      64.000
       1.000
       2.000
       0.000
      50.000
      32.000
      50.000
