       2.000
       1.000
     100.000
      33.000
       0.000
     100.000
       0.100
     200.000
      10.000
      20.000
       0.300
       1.500
       1.000
       0.300
       0.800
     200.000
      20.000
       1.000
       0.300
       0.000
       0.000
       1.500
       0.000
    5000.000
       1.500
       0.000
     100.000
       0.300
       1.500
  0
  6
  1
      64.000
       1.000
  0
  0
       2.000
       0.000
      50.000
      32.000
       1.500
       2.000
       2.000
      90.000
     150.000
      32.000
       1.500
       1.500
      10.000
      50.000
      50.000
       0.500
       0.500
       2.000
      50.000
       0.000
      50.000
  2
