    0.000 -888000.00000   4.00000   0.00000  77.63441   0.07528
    0.000 -888000.00000   8.00000   0.00000  77.63441   0.07528
    0.000 -888000.00000  12.00000   0.00000  77.63441   0.07528
    0.000 -888000.00000  16.00000   0.00000  77.63441   0.07528
    0.000 -888000.00000  20.00000   0.00000  77.63441   0.07528
    0.000 -888000.00000  24.00000   0.00000  77.63441   0.07528
    0.000 -888000.00000  28.00000   0.00000  77.63441   0.07528
    0.000 -888000.00000  32.00000   0.00000  77.63441   0.07528
    0.000 -888000.00000  36.00000   0.00000  77.63441   0.07528
    0.000 -888000.00000  40.00000   0.00000  77.63441   0.07528
    0.000 -888000.00000  44.00000   0.00000  77.63441   0.07528
    0.000 -888000.00000  48.00000   0.00000  77.63441   0.07528
    0.000 -888000.00000  52.00000   0.00000  77.63441   0.07528
    0.000 -888000.00000  56.00000   0.00000  77.63441   0.07528
    0.000 -888000.00000  60.00000   0.00000  77.63441   0.07528
    0.000 -888000.00000  64.00000   0.00000  77.63441   0.07528
    0.000 -888000.00000  68.00000   0.00000  77.63441   0.07528
    0.000 -888000.00000  72.00000   0.00000  77.63441   0.07528
    0.000 -888000.00000  76.00000   0.00000  77.63441   0.07528
    0.000 -888000.00000  80.00000   0.00000  77.63441   0.07528
    0.000 -888000.00000  84.00000   0.00000  77.63441   0.07528
    0.000 -888000.00000  88.00000   0.00000  77.63441   0.07528
    0.000 -888000.00000  92.00000   0.00000  77.63441   0.07528
    0.000 -888000.00000  96.00000   0.00000  77.63441   0.07528
    0.000 -888000.00000 100.00000   0.00000  77.63441   0.07528
    0.000 -888000.00000 104.00000   0.00000  77.63441   0.07528
    0.000 -888000.00000 108.00000   0.00000  77.63441   0.07528
    0.000 -888000.00000 112.00000   0.00000  77.63441   0.07528
    0.000 -888000.00000 116.00000   0.00000  77.63441   0.07528
    0.000 -888000.00000 120.00000   0.00000  77.63441   0.07528
    0.000 -888000.00000 124.00000   0.00000  77.63441   0.07528
    0.000 -888000.00000 128.00000   0.00000  77.63441   0.07528
    0.000 -888000.00000 132.00000   0.00000  77.63441   0.07528
    0.000 -888000.00000 136.00000   0.00000  77.63441   0.07528
    0.000 -888000.00000 140.00000   0.00000  77.63441   0.07528
    0.000 -888000.00000 144.00000   0.00000  77.63441   0.07528
    0.000 -888000.00000 148.00000   0.00000  77.63441   0.07528
    0.000 -888000.00000 152.00000   0.00000  77.63441   0.07528
    0.000 -888000.00000 156.00000   0.00000  77.63441   0.07528
    0.000 -888000.00000 160.00000   0.00000  77.63441   0.07528
    0.000 -888000.00000 164.00000   0.00000  77.63441   0.07528
    0.000 -888000.00000 168.00000   0.00000  77.63441   0.07528
    0.000 -888000.00000 172.00000   0.00000  77.63441   0.07528
    0.000 -888000.00000 176.00000   0.00000  77.63441   0.07528
    0.000 -888000.00000 180.00000   0.00000  77.63441   0.07528
    0.000 -888000.00000 184.00000   0.00000  77.63441   0.07528
    0.000 -888000.00000 188.00000   0.00000  77.63441   0.07528
    0.000 -888000.00000 192.00000   0.00000  77.63441   0.07528
    7.033 142.02000 196.00000   0.00071   7.17959  -0.00017
    7.139 108.15000 200.00000   0.00110   7.32936  -0.00018
    7.254  91.86000 204.00000   0.00194   7.46933   0.00020
    7.367  81.60000 208.00000   0.00338   7.60061   0.00115
    7.474  74.32500 212.00000   0.00540   7.72358   0.00269
    7.577  68.82000 216.00000   0.00795   7.83870   0.00483
    7.674  64.41000 220.00000   0.01099   7.94677   0.00752
    7.766  60.79500 224.00000   0.01445   8.04846   0.01071
    7.854  57.73500 228.00000   0.01830   8.14454   0.01434
    7.938  55.11000 232.00000   0.02248   8.23542   0.01838
    8.017  52.81500 236.00000   0.02696   8.32173   0.02277
    8.094  50.80500 240.00000   0.03167   8.40361   0.02752
    8.167  48.99000 244.00000   0.03666   8.48219   0.03253
    8.238  47.37000 248.00000   0.04183   8.55741   0.03780
    8.306  45.90000 252.00000   0.04719   8.62905   0.04335
    8.372  44.56500 256.00000   0.05270   8.69838   0.04908
    8.435  43.33500 260.00000   0.05838   8.76450   0.05506
    8.496  42.19500 264.00000   0.06423   8.82928   0.06114
    8.556  41.14500 268.00000   0.07018   8.89111   0.06746
    8.615  40.18500 272.00000   0.07616   8.95072   0.07394
    8.671  39.27000 276.00000   0.08235   9.00895   0.08053
    8.725  38.41500 280.00000   0.08863   9.06540   0.08726
    8.778  37.60500 284.00000   0.09506   9.12082   0.09406
    8.830  36.85500 288.00000   0.10149   9.17446   0.10100
    8.881  36.15000 292.00000   0.10796   9.22688   0.10803
    8.930  35.47500 296.00000   0.11458   9.27693   0.11525
    8.979  34.84500 300.00000   0.12118   9.32679   0.12247
    9.024  34.23000 304.00000   0.12800   9.37516   0.12981
    9.071  33.66000 308.00000   0.13473   9.42246   0.13723
    9.117  33.12000 312.00000   0.14147   9.46909   0.14470
    9.161  32.59500 316.00000   0.14837   9.51322   0.15237
    9.205  32.10000 320.00000   0.15524   9.55737   0.16003
    9.247  31.62000 324.00000   0.16222   9.60203   0.16764
    9.290  31.17000 328.00000   0.16912   9.64510   0.17537
    9.331  30.73500 332.00000   0.17610   9.68675   0.18322
    9.371  30.31500 336.00000   0.18314   9.72719   0.19116
    9.411  29.91000 340.00000   0.19022   9.76661   0.19918
    9.449  29.52000 344.00000   0.19734   9.80836   0.20700
    9.488  29.14500 348.00000   0.20447   9.84657   0.21511
    9.525  28.78500 352.00000   0.21160   9.88447   0.22323
    9.563  28.44000 356.00000   0.21871   9.92232   0.23136
    9.601  28.11000 360.00000   0.22578   9.96038   0.23946
    9.639  27.79500 364.00000   0.23281   9.99521   0.24783
    9.671  27.46500 368.00000   0.24028  10.03439   0.25583
    9.707  27.16500 372.00000   0.24743  10.07066   0.26407
    9.740  26.86500 376.00000   0.25476  10.10394   0.27255
    9.778  26.59500 380.00000   0.26171  10.13836   0.28093
    9.809  26.31000 384.00000   0.26912  10.17423   0.28919
    9.842  26.04000 388.00000   0.27640  10.20740   0.29767
    9.876  25.78500 392.00000   0.28354  10.24239   0.30599
    9.907  25.53000 396.00000   0.29084  10.27480   0.31452
    9.941  25.29000 400.00000   0.29797  10.30459   0.32327
    9.968  25.03500 404.00000   0.30557  10.34163   0.33141
   10.001  24.81000 408.00000   0.31267  10.37136   0.34015
   10.032  24.58500 412.00000   0.31990  10.40378   0.34867
   10.066  24.37500 416.00000   0.32692  10.43388   0.35737
   10.093  24.15000 420.00000   0.33441  10.46711   0.36582
   10.122  23.94000 424.00000   0.34168  10.49820   0.37443
   10.149  23.73000 428.00000   0.34907  10.52710   0.38323
   10.180  23.53500 432.00000   0.35621  10.55966   0.39172
   10.214  23.35500 436.00000   0.36309  10.58422   0.40086
   10.235  23.14500 440.00000   0.37084  10.61875   0.40919
   10.265  22.96500 444.00000   0.37793  10.64522   0.41817
   10.293  22.78500 448.00000   0.38512  10.67600   0.42680
   10.320  22.60500 452.00000   0.39241  10.70491   0.43557
   10.350  22.44000 456.00000   0.39940  10.73193   0.44450
   10.373  22.26000 460.00000   0.40689  10.76383   0.45303
   10.406  22.11000 464.00000   0.41364  10.78713   0.46226
   10.431  21.94500 468.00000   0.42089  10.81551   0.47107
   10.455  21.78000 472.00000   0.42824  10.84217   0.48002
   10.477  21.61500 476.00000   0.43567  10.87440   0.48851
   10.510  21.48000 480.00000   0.44231  10.89767   0.49774
   10.536  21.33000 484.00000   0.44946  10.92673   0.50648
   10.559  21.18000 488.00000   0.45669  10.95425   0.51535
   10.581  21.03000 492.00000   0.46400  10.98020   0.52435
   10.609  20.89500 496.00000   0.47092  11.00456   0.53348
   10.628  20.74500 500.00000   0.47838  11.03545   0.54207
   10.660  20.62500 504.00000   0.48497  11.05672   0.55144
   10.683  20.49000 508.00000   0.49209  11.08475   0.56026
   10.705  20.35500 512.00000   0.49927  11.11140   0.56920
   10.733  20.23500 516.00000   0.50604  11.13664   0.57824
   10.751  20.10000 520.00000   0.51335  11.16047   0.58740
   10.777  19.98000 524.00000   0.52023  11.18287   0.59667
   10.801  19.86000 528.00000   0.52717  11.21290   0.60532
   10.816  19.72500 532.00000   0.53466  11.24174   0.61407
   10.845  19.62000 536.00000   0.54120  11.26004   0.62367
   10.873  19.51500 540.00000   0.54779  11.28634   0.63262
   10.892  19.39500 544.00000   0.55494  11.31141   0.64167
   10.919  19.29000 548.00000   0.56161  11.33525   0.65082
   10.935  19.17000 552.00000   0.56886  11.35784   0.66006
   10.959  19.06500 556.00000   0.57563  11.37918   0.66941
   10.981  18.96000 560.00000   0.58244  11.40941   0.67804
   11.003  18.85500 564.00000   0.58929  11.42833   0.68758
   11.023  18.75000 568.00000   0.59619  11.45641   0.69637
   11.043  18.64500 572.00000   0.60312  11.48346   0.70525
   11.070  18.55500 576.00000   0.60956  11.49877   0.71508
   11.087  18.45000 580.00000   0.61657  11.52361   0.72414
   11.112  18.36000 584.00000   0.62307  11.54740   0.73328
   11.137  18.27000 588.00000   0.62961  11.57013   0.74250
   11.151  18.16500 592.00000   0.63673  11.59179   0.75181
   11.173  18.07500 596.00000   0.64333  11.62379   0.76028
   11.194  17.98500 600.00000   0.64996  11.64343   0.76976
   11.215  17.89500 604.00000   0.65662  11.66199   0.77931
   11.234  17.80500 608.00000   0.66331  11.69126   0.78800
   11.253  17.71500 612.00000   0.67003  11.70776   0.79773
   11.270  17.62500 616.00000   0.67678  11.73523   0.80656
   11.297  17.55000 620.00000   0.68299  11.74963   0.81645
   11.313  17.46000 624.00000   0.68979  11.77529   0.82543
   11.338  17.38500 628.00000   0.69604  11.80008   0.83448
   11.352  17.29500 632.00000   0.70289  11.82402   0.84359
   11.375  17.22000 636.00000   0.70919  11.84709   0.85278
   11.387  17.13000 640.00000   0.71609  11.86929   0.86203
   11.409  17.05500 644.00000   0.72243  11.89062   0.87136
   11.430  16.98000 648.00000   0.72879  11.91106   0.88075
   11.450  16.90500 652.00000   0.73516  11.93062   0.89022
   11.469  16.83000 656.00000   0.74156  11.94928   0.89975
   11.499  16.77000 660.00000   0.74739  11.96705   0.90936
   11.506  16.68000 664.00000   0.75441  11.99768   0.91793
   11.534  16.62000 668.00000   0.76027  12.01378   0.92767
   11.539  16.53000 672.00000   0.76733  12.04301   0.93635
   11.566  16.47000 676.00000   0.77322  12.05742   0.94623
   11.581  16.39500 680.00000   0.77972  12.08524   0.95502
   11.606  16.33500 684.00000   0.78564  12.09795   0.96503
   11.619  16.26000 688.00000   0.79216  12.12433   0.97394
   11.644  16.20000 692.00000   0.79811  12.13531   0.98409
   11.655  16.12500 696.00000   0.80466  12.16025   0.99311
   11.678  16.06500 700.00000   0.81062  12.18452   1.00219
   11.689  15.99000 704.00000   0.81720  12.20813   1.01132
   11.710  15.93000 708.00000   0.82319  12.23107   1.02050
   11.731  15.87000 712.00000   0.82919  12.23789   1.03098
   11.752  15.81000 716.00000   0.83520  12.25935   1.04028
   11.771  15.75000 720.00000   0.84122  12.28012   1.04964
   11.790  15.69000 724.00000   0.84724  12.30022   1.05905
   11.809  15.63000 728.00000   0.85328  12.31963   1.06851
   11.827  15.57000 732.00000   0.85932  12.33835   1.07803
   11.831  15.49500 736.00000   0.86597  12.37268   1.08629
   11.848  15.43500 740.00000   0.87202  12.39016   1.09590
   11.877  15.39000 744.00000   0.87749  12.40695   1.10558
   11.892  15.33000 748.00000   0.88356  12.42303   1.11530
   11.920  15.28500 752.00000   0.88904  12.43841   1.12509
   11.921  15.21000 756.00000   0.89572  12.47009   1.13356
   11.948  15.16500 760.00000   0.90121  12.48420   1.14344
   11.961  15.10500 764.00000   0.90730  12.49760   1.15339
   11.973  15.04500 768.00000   0.91339  12.52771   1.16198
   11.998  15.00000 772.00000   0.91889  12.53983   1.17203
   12.009  14.94000 776.00000   0.92499  12.56893   1.18070
   12.034  14.89500 780.00000   0.93050  12.57975   1.19085
   12.044  14.83500 784.00000   0.93661  12.60783   1.19960
   12.067  14.79000 788.00000   0.94213  12.61734   1.20986
   12.076  14.73000 792.00000   0.94823  12.64440   1.21870
   12.098  14.68500 796.00000   0.95376  12.65259   1.22905
   12.120  14.64000 800.00000   0.95928  12.67861   1.23797
   12.127  14.58000 804.00000   0.96539  12.70418   1.24693
   12.148  14.53500 808.00000   0.97092  12.71046   1.25744
   12.169  14.49000 812.00000   0.97645  12.73498   1.26648
   12.174  14.43000 816.00000   0.98255  12.75905   1.27555
   12.194  14.38500 820.00000   0.98808  12.78266   1.28467
   12.227  14.35500 824.00000   0.99304  12.78640   1.29538
   12.231  14.29500 828.00000   0.99914  12.80894   1.30458
   12.249  14.25000 832.00000   1.00467  12.83103   1.31381
   12.267  14.20500 836.00000   1.01020  12.85264   1.32308
   12.284  14.16000 840.00000   1.01573  12.87379   1.33239
   12.301  14.11500 844.00000   1.02126  12.89447   1.34173
   12.317  14.07000 848.00000   1.02678  12.91468   1.35112
   12.333  14.02500 852.00000   1.03231  12.93442   1.36054
   12.348  13.98000 856.00000   1.03783  12.95369   1.37000
   12.363  13.93500 860.00000   1.04335  12.97248   1.37949
   12.378  13.89000 864.00000   1.04886  12.99079   1.38903
   12.391  13.84500 868.00000   1.05437  13.00863   1.39860
   12.405  13.80000 872.00000   1.05988  13.02599   1.40821
   12.434  13.77000 876.00000   1.06485  13.04287   1.41786
   12.447  13.72500 880.00000   1.07035  13.05926   1.42754
   12.459  13.68000 884.00000   1.07584  13.07518   1.43727
   12.487  13.65000 888.00000   1.08081  13.09060   1.44703
   12.498  13.60500 892.00000   1.08629  13.10554   1.45683
   12.526  13.57500 896.00000   1.09125  13.11999   1.46667
   12.520  13.51500 900.00000   1.09726  13.15607   1.47477
   12.546  13.48500 904.00000   1.10221  13.16969   1.48468
   12.556  13.44000 908.00000   1.10768  13.18282   1.49463
   12.582  13.41000 912.00000   1.11262  13.19545   1.50462
   12.607  13.38000 916.00000   1.11757  13.20758   1.51464
   12.599  13.32000 920.00000   1.12353  13.24206   1.52287
   12.624  13.29000 924.00000   1.12846  13.25335   1.53296
   12.648  13.26000 928.00000   1.13340  13.26414   1.54309
   12.655  13.21500 932.00000   1.13883  13.29770   1.55140
   12.679  13.18500 936.00000   1.14376  13.30764   1.56160
   12.703  13.15500 940.00000   1.14868  13.31707   1.57184
   12.709  13.11000 944.00000   1.15409  13.34970   1.58021
   12.732  13.08000 948.00000   1.15901  13.35828   1.59052
   12.754  13.05000 952.00000   1.16392  13.36635   1.60087
   12.759  13.00500 956.00000   1.16931  13.39804   1.60932
   12.781  12.97500 960.00000   1.17421  13.40524   1.61974
   12.785  12.93000 964.00000   1.17958  13.43635   1.62823
   12.806  12.90000 968.00000   1.18447  13.44268   1.63872
   12.809  12.85500 972.00000   1.18982  13.47321   1.64726
   12.848  12.84000 976.00000   1.19425  13.47866   1.65782
   12.850  12.79500 980.00000   1.19958  13.50860   1.66641
   12.870  12.76500 984.00000   1.20445  13.51317   1.67703
   12.890  12.73500 988.00000   1.20932  13.54252   1.68567
   12.909  12.70500 992.00000   1.21418  13.54621   1.69637
   12.910  12.66000 996.00000   1.21947  13.57496   1.70505
   12.947  12.64500 1000.00000   1.22388  13.57776   1.71582
   12.947  12.60000 1004.00000   1.22915  13.60591   1.72455
   12.966  12.57000 1008.00000   1.23399  13.63382   1.73330
   12.984  12.54000 1012.00000   1.23882  13.63537   1.74417
   13.001  12.51000 1016.00000   1.24364  13.66268   1.75296
   13.018  12.48000 1020.00000   1.24846  13.66333   1.76390
   13.035  12.45000 1024.00000   1.25327  13.69004   1.77275
   13.052  12.42000 1028.00000   1.25807  13.71651   1.78161
   13.068  12.39000 1032.00000   1.26286  13.71588   1.79265
   13.085  12.36000 1036.00000   1.26765  13.74174   1.80157
   13.100  12.33000 1040.00000   1.27243  13.76737   1.81050
   13.135  12.31500 1044.00000   1.27682  13.76546   1.82164
   13.131  12.27000 1048.00000   1.28197  13.79047   1.83062
   13.146  12.24000 1052.00000   1.28673  13.81524   1.83962
   13.161  12.21000 1056.00000   1.29148  13.83978   1.84864
   13.195  12.19500 1060.00000   1.29585  13.83620   1.85991
   13.209  12.16500 1064.00000   1.30059  13.86012   1.86898
   13.223  12.13500 1068.00000   1.30532  13.88379   1.87806
   13.236  12.10500 1072.00000   1.31004  13.90722   1.88717
   13.269  12.09000 1076.00000   1.31440  13.90197   1.89858
   13.282  12.06000 1080.00000   1.31911  13.92478   1.90773
   13.295  12.03000 1084.00000   1.32380  13.94734   1.91691
   13.308  12.00000 1088.00000   1.32849  13.96967   1.92610
   13.320  11.97000 1092.00000   1.33317  13.99175   1.93531
   13.352  11.95500 1096.00000   1.33751  13.98441   1.94689
   13.363  11.92500 1100.00000   1.34218  14.00586   1.95615
   13.375  11.89500 1104.00000   1.34683  14.02707   1.96543
   13.386  11.86500 1108.00000   1.35147  14.04803   1.97473
   13.397  11.83500 1112.00000   1.35610  14.06874   1.98405
   13.407  11.80500 1116.00000   1.36072  14.08921   1.99339
   13.459  11.80500 1120.00000   1.36474  14.07939   2.00517
   13.469  11.77500 1124.00000   1.36935  14.09922   2.01456
   13.479  11.74500 1128.00000   1.37395  14.11880   2.02397
   13.488  11.71500 1132.00000   1.37854  14.13814   2.03340
   13.518  11.70000 1136.00000   1.38284  14.15722   2.04285
   13.527  11.67000 1140.00000   1.38741  14.17606   2.05232
   13.536  11.64000 1144.00000   1.39197  14.19464   2.06181
   13.565  11.62500 1148.00000   1.39625  14.21298   2.07132
   13.574  11.59500 1152.00000   1.40079  14.23107   2.08085
   13.603  11.58000 1156.00000   1.40507  14.24890   2.09040
   13.611  11.55000 1160.00000   1.40959  14.26649   2.09997
   13.618  11.52000 1164.00000   1.41410  14.28382   2.10956
   13.647  11.50500 1168.00000   1.41836  14.30090   2.11917
   13.654  11.47500 1172.00000   1.42285  14.31773   2.12879
   13.682  11.46000 1176.00000   1.42710  14.33430   2.13844
   13.688  11.43000 1180.00000   1.43157  14.35062   2.14811
   13.716  11.41500 1184.00000   1.43581  14.36669   2.15780
   13.744  11.40000 1188.00000   1.44004  14.38250   2.16751
   13.750  11.37000 1192.00000   1.44448  14.39806   2.17724
   13.777  11.35500 1196.00000   1.44871  14.41336   2.18699
   13.782  11.32500 1200.00000   1.45313  14.42841   2.19677
   13.809  11.31000 1204.00000   1.45734  14.44321   2.20656
   13.836  11.29500 1208.00000   1.46155  14.45774   2.21637
   13.841  11.26500 1212.00000   1.46594  14.47202   2.22620
   13.867  11.25000 1216.00000   1.47014  14.48604   2.23605
   13.893  11.23500 1220.00000   1.47433  14.49981   2.24592
   13.897  11.20500 1224.00000   1.47869  14.51332   2.25582
   13.923  11.19000 1228.00000   1.48287  14.52656   2.26573
   13.949  11.17500 1232.00000   1.48705  14.53955   2.27567
   13.974  11.16000 1236.00000   1.49122  14.55228   2.28562
   14.000  11.14500 1240.00000   1.49539  14.56476   2.29560
   13.980  11.10000 1244.00000   1.49985  14.61151   2.30282
   14.005  11.08500 1248.00000   1.50400  14.62361   2.31282
   14.030  11.07000 1252.00000   1.50815  14.63545   2.32285
   14.055  11.05500 1256.00000   1.51229  14.64703   2.33289
   14.080  11.04000 1260.00000   1.51642  14.65835   2.34296
   14.104  11.02500 1264.00000   1.52055  14.66940   2.35305
   14.128  11.01000 1268.00000   1.52468  14.68020   2.36316
   14.130  10.98000 1272.00000   1.52892  14.69073   2.37329
   14.131  10.95000 1276.00000   1.53314  14.73670   2.38057
   14.155  10.93500 1280.00000   1.53725  14.74686   2.39073
   14.178  10.92000 1284.00000   1.54135  14.75675   2.40091
   14.202  10.90500 1288.00000   1.54544  14.76638   2.41111
   14.225  10.89000 1292.00000   1.54953  14.77575   2.42134
   14.248  10.87500 1296.00000   1.55361  14.78485   2.43158
   14.248  10.84500 1300.00000   1.55777  14.83027   2.43890
   14.271  10.83000 1304.00000   1.56184  14.83899   2.44918
   14.293  10.81500 1308.00000   1.56590  14.84745   2.45947
   14.340  10.81500 1312.00000   1.56989  14.85564   2.46979
   14.362  10.80000 1316.00000   1.57394  14.86356   2.48013
   14.361  10.77000 1320.00000   1.57806  14.90853   2.48749
   14.383  10.75500 1324.00000   1.58210  14.91607   2.49785
   14.405  10.74000 1328.00000   1.58613  14.92335   2.50824
   14.427  10.72500 1332.00000   1.59016  14.93036   2.51865
   14.448  10.71000 1336.00000   1.59418  14.93709   2.52908
   14.446  10.68000 1340.00000   1.59824  14.98161   2.53648
   14.491  10.68000 1344.00000   1.60221  14.98797   2.54694
   14.513  10.66500 1348.00000   1.60622  14.99406   2.55743
   14.534  10.65000 1352.00000   1.61022  14.99988   2.56793
   14.531  10.62000 1356.00000   1.61423  15.04405   2.57535
   14.551  10.60500 1360.00000   1.61822  15.04949   2.58589
   14.596  10.60500 1364.00000   1.62218  15.05465   2.59645
   14.593  10.57500 1368.00000   1.62617  15.09860   2.60389
   14.613  10.56000 1372.00000   1.63013  15.10338   2.61447
   14.658  10.56000 1376.00000   1.63408  15.10788   2.62508
   14.678  10.54500 1380.00000   1.63804  15.11212   2.63571
   14.673  10.51500 1384.00000   1.64199  15.15573   2.64318
   14.693  10.50000 1388.00000   1.64593  15.15957   2.65384
   14.738  10.50000 1392.00000   1.64987  15.16315   2.66453
   14.732  10.47000 1396.00000   1.65379  15.20653   2.67201
   14.777  10.47000 1400.00000   1.65773  15.20971   2.68272
   14.796  10.45500 1404.00000   1.66165  15.21262   2.69346
   14.815  10.44000 1408.00000   1.66556  15.21526   2.70422
   14.834  10.42500 1412.00000   1.66946  15.25829   2.71173
   14.853  10.41000 1416.00000   1.67336  15.26054   2.72252
   14.872  10.39500 1420.00000   1.67725  15.26251   2.73333
   14.891  10.38000 1424.00000   1.68114  15.30531   2.74086
   14.909  10.36500 1428.00000   1.68502  15.30689   2.75170
   14.953  10.36500 1432.00000   1.68894  15.30820   2.76257
   14.946  10.33500 1436.00000   1.69276  15.35077   2.77011
   14.989  10.33500 1440.00000   1.69667  15.35168   2.78101
   15.007  10.32000 1444.00000   1.70053  15.35231   2.79193
   15.025  10.30500 1448.00000   1.70438  15.39466   2.79949
   15.043  10.29000 1452.00000   1.70822  15.39489   2.81044
   15.086  10.29000 1456.00000   1.71212  15.39485   2.82141
   15.078  10.26000 1460.00000   1.71588  15.43697   2.82900
   15.121  10.26000 1464.00000   1.71978  15.43653   2.84000
   15.112  10.23000 1468.00000   1.72352  15.47853   2.84759
   15.155  10.23000 1472.00000   1.72742  15.47770   2.85863
   15.172  10.21500 1476.00000   1.73122  15.47658   2.86968
   15.189  10.20000 1480.00000   1.73502  15.51835   2.87729
   15.232  10.20000 1484.00000   1.73890  15.51684   2.88838
   15.248  10.18500 1488.00000   1.74269  15.51505   2.89949
   15.265  10.17000 1492.00000   1.74647  15.55658   2.90712
   15.281  10.15500 1496.00000   1.75025  15.55439   2.91826
   15.297  10.14000 1500.00000   1.75402  15.59581   2.92590
   15.340  10.14000 1504.00000   1.75788  15.59322   2.93708
   15.356  10.12500 1508.00000   1.76164  15.59035   2.94827
   15.372  10.11000 1512.00000   1.76539  15.63153   2.95593
   15.414  10.11000 1516.00000   1.76925  15.62826   2.96716
   15.403  10.08000 1520.00000   1.77288  15.66932   2.97482
   15.445  10.08000 1524.00000   1.77673  15.66565   2.98608
   15.487  10.08000 1528.00000   1.78057  15.66169   2.99737
   15.476  10.05000 1532.00000   1.78417  15.70252   3.00505
   15.518  10.05000 1536.00000   1.78801  15.69816   3.01637
   15.533  10.03500 1540.00000   1.79173  15.73887   3.02406
   15.547  10.02000 1544.00000   1.79543  15.73411   3.03541
   15.562  10.00500 1548.00000   1.79912  15.77471   3.04311
   15.604  10.00500 1552.00000   1.80295  15.76954   3.05449
   15.618   9.99000 1556.00000   1.80664  15.81002   3.06220
   15.633   9.97500 1560.00000   1.81031  15.80445   3.07361
   15.674   9.97500 1564.00000   1.81413  15.79859   3.08505
   15.689   9.96000 1568.00000   1.81780  15.83883   3.09278
   15.730   9.96000 1572.00000   1.82160  15.83256   3.10424
   15.744   9.94500 1576.00000   1.82527  15.87269   3.11198
   15.758   9.93000 1580.00000   1.82892  15.86602   3.12348
   15.771   9.91500 1584.00000   1.83256  15.90602   3.13123
   15.813   9.91500 1588.00000   1.83635  15.89895   3.14276
   15.826   9.90000 1592.00000   1.83999  15.93883   3.15052
   15.867   9.90000 1596.00000   1.84377  15.93135   3.16208
   15.853   9.87000 1600.00000   1.84723  15.97112   3.16985
   15.894   9.87000 1604.00000   1.85101  15.96322   3.18145
   15.934   9.87000 1608.00000   1.85478  15.95503   3.19307
   15.947   9.85500 1612.00000   1.85839  15.99457   3.20085
   15.988   9.85500 1616.00000   1.86215  15.98597   3.21251
   16.001   9.84000 1620.00000   1.86575  16.02538   3.22030
   16.042   9.84000 1624.00000   1.86950  16.01638   3.23199
   16.026   9.81000 1628.00000   1.87292  16.05567   3.23979
   16.067   9.81000 1632.00000   1.87667  16.04625   3.25151
   16.079   9.79500 1636.00000   1.88025  16.08543   3.25932
   16.119   9.79500 1640.00000   1.88399  16.07560   3.27107
   16.131   9.78000 1644.00000   1.88755  16.11465   3.27890
   16.172   9.78000 1648.00000   1.89128  16.10441   3.29068
   16.184   9.76500 1652.00000   1.89483  16.14335   3.29851
   16.224   9.76500 1656.00000   1.89855  16.13269   3.31033
   16.235   9.75000 1660.00000   1.90210  16.17150   3.31817
   16.276   9.75000 1664.00000   1.90581  16.16043   3.33002
   16.287   9.73500 1668.00000   1.90934  16.19913   3.33787
   16.327   9.73500 1672.00000   1.91304  16.18764   3.34976
   16.338   9.72000 1676.00000   1.91657  16.22622   3.35761
   16.349   9.70500 1680.00000   1.92009  16.26480   3.36547
   16.389   9.70500 1684.00000   1.92378  16.25278   3.37740
   16.400   9.69000 1688.00000   1.92728  16.29123   3.38527
   16.440   9.69000 1692.00000   1.93096  16.27879   3.39723
   16.451   9.67500 1696.00000   1.93446  16.31713   3.40511
   16.490   9.67500 1700.00000   1.93813  16.30427   3.41710
   16.501   9.66000 1704.00000   1.94162  16.34249   3.42499
   16.540   9.66000 1708.00000   1.94528  16.32922   3.43701
   16.551   9.64500 1712.00000   1.94876  16.36731   3.44491
   16.590   9.64500 1716.00000   1.95241  16.35362   3.45697
   16.600   9.63000 1720.00000   1.95588  16.39160   3.46488
   16.640   9.63000 1724.00000   1.95952  16.37748   3.47697
   16.650   9.61500 1728.00000   1.96298  16.41534   3.48489
   16.659   9.60000 1732.00000   1.96643  16.45319   3.49280
   16.699   9.60000 1736.00000   1.97006  16.43854   3.50494
   16.708   9.58500 1740.00000   1.97350  16.47627   3.51286
   16.747   9.58500 1744.00000   1.97712  16.46120   3.52503
   16.757   9.57000 1748.00000   1.98055  16.49881   3.53297
   16.796   9.57000 1752.00000   1.98417  16.48331   3.54517
   16.805   9.55500 1756.00000   1.98759  16.52081   3.55311
   16.844   9.55500 1760.00000   1.99119  16.50488   3.56535
   16.853   9.54000 1764.00000   1.99460  16.54226   3.57331
   16.892   9.54000 1768.00000   1.99820  16.57963   3.58126
   16.930   9.54000 1772.00000   2.00178  16.56316   3.59354
   16.939   9.52500 1776.00000   2.00518  16.60041   3.60150
   16.978   9.52500 1780.00000   2.00876  16.58352   3.61382
   16.986   9.51000 1784.00000   2.01215  16.62065   3.62179
   17.025   9.51000 1788.00000   2.01571  16.60334   3.63414
   17.033   9.49500 1792.00000   2.01910  16.64034   3.64212
   17.041   9.48000 1796.00000   2.02247  16.67735   3.65010
   17.110   9.49500 1800.00000   2.02620  16.65949   3.66250
   17.118   9.48000 1804.00000   2.02957  16.69638   3.67048
   17.157   9.48000 1808.00000   2.03311  16.67808   3.68291
   17.164   9.46500 1812.00000   2.03647  16.71485   3.69091
   17.172   9.45000 1816.00000   2.03983  16.75161   3.69891
   17.210   9.45000 1820.00000   2.04335  16.73277   3.71138
   17.249   9.45000 1824.00000   2.04688  16.76942   3.71939
   17.287   9.45000 1828.00000   2.05039  16.75015   3.73190
   17.294   9.43500 1832.00000   2.05373  16.78667   3.73992
   17.301   9.42000 1836.00000   2.05706  16.82319   3.74793
   17.339   9.42000 1840.00000   2.06056  16.80337   3.76049
   17.346   9.40500 1844.00000   2.06388  16.83977   3.76851
   17.415   9.42000 1848.00000   2.06754  16.81952   3.78110
   17.422   9.40500 1852.00000   2.07086  16.85579   3.78914
   17.429   9.39000 1856.00000   2.07417  16.89207   3.79717
   17.467   9.39000 1860.00000   2.07765  16.87127   3.80980
   17.505   9.39000 1864.00000   2.08112  16.90742   3.81785
   17.542   9.39000 1868.00000   2.08457  16.88618   3.83052
   17.549   9.37500 1872.00000   2.08787  16.92222   3.83857
   17.555   9.36000 1876.00000   2.09117  16.95825   3.84663
   17.593   9.36000 1880.00000   2.09461  16.93646   3.85934
   17.630   9.36000 1884.00000   2.09805  16.97236   3.86740
   17.636   9.34500 1888.00000   2.10134  17.00827   3.87546
   17.674   9.34500 1892.00000   2.10476  16.98593   3.88822
   17.680   9.33000 1896.00000   2.10804  17.02171   3.89629
   17.749   9.34500 1900.00000   2.11159  16.99893   3.90909
   17.754   9.33000 1904.00000   2.11487  17.03459   3.91717
   17.760   9.31500 1908.00000   2.11813  17.07025   3.92525
   17.797   9.31500 1912.00000   2.12153  17.04692   3.93809
   17.835   9.31500 1916.00000   2.12493  17.08245   3.94618
   17.840   9.30000 1920.00000   2.12818  17.11799   3.95427
   17.877   9.30000 1924.00000   2.13156  17.09409   3.96715
   17.914   9.30000 1928.00000   2.13494  17.12951   3.97525
   17.951   9.30000 1932.00000   2.13830  17.10517   3.98817
   17.956   9.28500 1936.00000   2.14155  17.14047   3.99628
   17.961   9.27000 1940.00000   2.14478  17.17576   4.00439
   18.030   9.28500 1944.00000   2.14825  17.15086   4.01735
   18.035   9.27000 1948.00000   2.15149  17.18603   4.02548
   18.040   9.25500 1952.00000   2.15471  17.22120   4.03360
   18.109   9.27000 1956.00000   2.15815  17.19574   4.04660
   18.113   9.25500 1960.00000   2.16138  17.23079   4.05473
   18.118   9.24000 1964.00000   2.16460  17.26583   4.06286
   18.187   9.25500 1968.00000   2.16801  17.23981   4.07592
   18.191   9.24000 1972.00000   2.17123  17.27473   4.08406
   18.195   9.22500 1976.00000   2.17444  17.30965   4.09219
   18.264   9.24000 1980.00000   2.17782  17.28306   4.10529
   18.268   9.22500 1984.00000   2.18103  17.31786   4.11344
   18.272   9.21000 1988.00000   2.18423  17.35266   4.12159
   18.342   9.22500 1992.00000   2.18759  17.32550   4.13473
   18.345   9.21000 1996.00000   2.19079  17.36018   4.14289
   18.349   9.19500 2000.00000   2.19398  17.39485   4.15105
   18.418   9.21000 2004.00000   2.19731  17.36713   4.16424
   18.421   9.19500 2008.00000   2.20050  17.40168   4.17241
   18.425   9.18000 2012.00000   2.20368  17.43623   4.18058
   18.494   9.19500 2016.00000   2.20699  17.40794   4.19381
   18.497   9.18000 2020.00000   2.21017  17.44237   4.20199
   18.500   9.16500 2024.00000   2.21334  17.47679   4.21017
   18.570   9.18000 2028.00000   2.21662  17.44794   4.22345
   18.573   9.16500 2032.00000   2.21979  17.48223   4.23164
   18.609   9.16500 2036.00000   2.22300  17.51653   4.23982
   18.645   9.16500 2040.00000   2.22620  17.48711   4.25315
   18.648   9.15000 2044.00000   2.22937  17.52128   4.26135
   18.684   9.15000 2048.00000   2.23256  17.55546   4.26954
   18.720   9.15000 2052.00000   2.23574  17.52546   4.28292
   18.722   9.13500 2056.00000   2.23890  17.55951   4.29112
   18.758   9.13500 2060.00000   2.24208  17.59356   4.29933
   18.794   9.13500 2064.00000   2.24524  17.56300   4.31275
   18.830   9.13500 2068.00000   2.24840  17.59692   4.32096
   18.832   9.12000 2072.00000   2.25154  17.63085   4.32918
   18.867   9.12000 2076.00000   2.25469  17.59971   4.34264
   18.903   9.12000 2080.00000   2.25783  17.63351   4.35087
   18.905   9.10500 2084.00000   2.26097  17.66731   4.35910
   18.941   9.10500 2088.00000   2.26410  17.70110   4.36732
   18.976   9.10500 2092.00000   2.26722  17.66927   4.38084
   19.012   9.10500 2096.00000   2.27033  17.70294   4.38908
   19.013   9.09000 2100.00000   2.27346  17.73661   4.39731
   19.049   9.09000 2104.00000   2.27656  17.70420   4.41088
   19.084   9.09000 2108.00000   2.27966  17.73775   4.41913
   19.086   9.07500 2112.00000   2.28278  17.77130   4.42737
   19.155   9.09000 2116.00000   2.28581  17.73831   4.44098
   19.156   9.07500 2120.00000   2.28894  17.77173   4.44924
   19.157   9.06000 2124.00000   2.29205  17.80516   4.45749
   19.193   9.06000 2128.00000   2.29512  17.83858   4.46575
   19.228   9.06000 2132.00000   2.29817  17.80489   4.47942
   19.263   9.06000 2136.00000   2.30122  17.83819   4.48768
   19.264   9.04500 2140.00000   2.30433  17.87148   4.49595
   19.334   9.06000 2144.00000   2.30728  17.83721   4.50967
   19.334   9.04500 2148.00000   2.31040  17.87038   4.51794
   19.369   9.04500 2152.00000   2.31342  17.90356   4.52621
   19.370   9.03000 2156.00000   2.31652  17.93672   4.53448
   19.405   9.03000 2160.00000   2.31953  17.90175   4.54826
   19.440   9.03000 2164.00000   2.32253  17.93480   4.55654
   19.440   9.01500 2168.00000   2.32563  17.96784   4.56483
   19.510   9.03000 2172.00000   2.32850  17.93229   4.57865
   19.510   9.01500 2176.00000   2.33160  17.96521   4.58694
   19.544   9.01500 2180.00000   2.33458  17.99812   4.59524
   19.544   9.00000 2184.00000   2.33767  18.03104   4.60353
   19.614   9.01500 2188.00000   2.34049  17.99478   4.61741
   19.614   9.00000 2192.00000   2.34359  18.02757   4.62571
   19.648   9.00000 2196.00000   2.34654  18.06036   4.63401
   19.683   9.00000 2200.00000   2.34946  18.02352   4.64794
   19.683   8.98500 2204.00000   2.35255  18.05619   4.65625
   19.717   8.98500 2208.00000   2.35548  18.08885   4.66456
   19.716   8.97000 2212.00000   2.35856  18.12152   4.67287
   19.786   8.98500 2216.00000   2.36130  18.08396   4.68686
   19.786   8.97000 2220.00000   2.36439  18.11650   4.69518
   19.820   8.97000 2224.00000   2.36729  18.14904   4.70350
   19.819   8.95500 2228.00000   2.37036  18.18158   4.71182
   19.889   8.97000 2232.00000   2.37305  18.14331   4.72587
   19.888   8.95500 2236.00000   2.37613  18.17572   4.73420
   19.922   8.95500 2240.00000   2.37901  18.20814   4.74253
   19.956   8.95500 2244.00000   2.38186  18.16928   4.75662
   19.991   8.95500 2248.00000   2.38472  18.20157   4.76496
   19.989   8.94000 2252.00000   2.38779  18.23385   4.77330
   20.023   8.94000 2256.00000   2.39064  18.26614   4.78164
   20.058   8.94000 2260.00000   2.39346  18.22657   4.79579
   20.092   8.94000 2264.00000   2.39629  18.25873   4.80414
   20.090   8.92500 2268.00000   2.39936  18.29089   4.81249
   20.124   8.92500 2272.00000   2.40218  18.32305   4.82084
   20.158   8.92500 2276.00000   2.40498  18.28277   4.83505
   20.192   8.92500 2280.00000   2.40778  18.31480   4.84341
   20.190   8.91000 2284.00000   2.41084  18.34683   4.85177
   20.224   8.91000 2288.00000   2.41363  18.37886   4.86013
   20.258   8.91000 2292.00000   2.41640  18.33786   4.87440
   20.292   8.91000 2296.00000   2.41917  18.36976   4.88277
   20.290   8.89500 2300.00000   2.42224  18.40167   4.89113
   20.323   8.89500 2304.00000   2.42500  18.43357   4.89950
   20.357   8.89500 2308.00000   2.42774  18.39185   4.91383
   20.391   8.89500 2312.00000   2.43049  18.42363   4.92221
   20.388   8.88000 2316.00000   2.43355  18.45540   4.93059
   20.422   8.88000 2320.00000   2.43628  18.48718   4.93896
   20.456   8.88000 2324.00000   2.43900  18.44474   4.95335
   20.489   8.88000 2328.00000   2.44171  18.47639   4.96174
   20.486   8.86500 2332.00000   2.44477  18.50804   4.97013
   20.520   8.86500 2336.00000   2.44747  18.53969   4.97851
   20.553   8.86500 2340.00000   2.45016  18.49653   4.99296
   20.587   8.86500 2344.00000   2.45285  18.52805   5.00136
   20.584   8.85000 2348.00000   2.45590  18.55957   5.00975
   20.617   8.85000 2352.00000   2.45858  18.59109   5.01815
   20.650   8.85000 2356.00000   2.46124  18.54721   5.03265
   20.684   8.85000 2360.00000   2.46390  18.57860   5.04106
   20.680   8.83500 2364.00000   2.46695  18.61000   5.04947
   20.714   8.83500 2368.00000   2.46960  18.64139   5.05788
   20.747   8.83500 2372.00000   2.47223  18.59679   5.07244
   20.780   8.83500 2376.00000   2.47486  18.62805   5.08085
   20.776   8.82000 2380.00000   2.47791  18.65931   5.08927
   20.809   8.82000 2384.00000   2.48054  18.69058   5.09769
   20.843   8.82000 2388.00000   2.48314  18.64525   5.11231
   20.876   8.82000 2392.00000   2.48574  18.67639   5.12074
   20.871   8.80500 2396.00000   2.48879  18.70752   5.12916
   20.904   8.80500 2400.00000   2.49139  18.73866   5.13759
   20.900   8.79000 2404.00000   2.49443  18.76979   5.14602
   20.970   8.80500 2408.00000   2.49654  18.72361   5.16071
   20.966   8.79000 2412.00000   2.49958  18.75462   5.16915
   20.999   8.79000 2416.00000   2.50215  18.78563   5.17758
   20.994   8.77500 2420.00000   2.50519  18.81663   5.18602
   21.065   8.79000 2424.00000   2.50725  18.76972   5.20077
   21.060   8.77500 2428.00000   2.51029  18.80060   5.20922
   21.093   8.77500 2432.00000   2.51283  18.83148   5.21766
   21.088   8.76000 2436.00000   2.51587  18.86236   5.22611
   21.120   8.76000 2440.00000   2.51840  18.89324   5.23455
   21.153   8.76000 2444.00000   2.52091  18.84547   5.24937
   21.186   8.76000 2448.00000   2.52343  18.87622   5.25783
   21.180   8.74500 2452.00000   2.52646  18.90697   5.26629
   21.213   8.74500 2456.00000   2.52897  18.93772   5.27474
   21.284   8.76000 2460.00000   2.53089  18.88922   5.28962
   21.278   8.74500 2464.00000   2.53394  18.91985   5.29809
   21.311   8.74500 2468.00000   2.53641  18.95047   5.30656
   21.305   8.73000 2472.00000   2.53945  18.98109   5.31502
   21.337   8.73000 2476.00000   2.54192  19.01171   5.32349
   21.370   8.73000 2480.00000   2.54437  18.96235   5.33844
   21.402   8.73000 2484.00000   2.54682  18.99284   5.34691
   21.396   8.71500 2488.00000   2.54986  19.02334   5.35539
   21.429   8.71500 2492.00000   2.55230  19.05383   5.36386
   21.461   8.71500 2496.00000   2.55472  19.00373   5.37887
   21.493   8.71500 2500.00000   2.55714  19.03410   5.38736
   21.487   8.70000 2504.00000   2.56018  19.06446   5.39584
   21.519   8.70000 2508.00000   2.56259  19.09482   5.40433
   21.513   8.68500 2512.00000   2.56562  19.12519   5.41281
   21.583   8.70000 2516.00000   2.56737  19.07423   5.42790
   21.577   8.68500 2520.00000   2.57041  19.10446   5.43639
   21.609   8.68500 2524.00000   2.57280  19.13470   5.44489
   21.641   8.68500 2528.00000   2.57517  19.16493   5.45338
   21.634   8.67000 2532.00000   2.57821  19.19517   5.46188
   21.705   8.68500 2536.00000   2.57988  19.14334   5.47703
   21.698   8.67000 2540.00000   2.58293  19.17345   5.48553
   21.730   8.67000 2544.00000   2.58528  19.20355   5.49404
   21.723   8.65500 2548.00000   2.58831  19.23366   5.50254
   21.755   8.65500 2552.00000   2.59065  19.26376   5.51105
   21.787   8.65500 2556.00000   2.59298  19.21107   5.52627
   21.818   8.65500 2560.00000   2.59530  19.24105   5.53479
   21.811   8.64000 2564.00000   2.59833  19.27102   5.54330
   21.843   8.64000 2568.00000   2.60065  19.30100   5.55181
   21.875   8.64000 2572.00000   2.60294  19.24757   5.56710
   21.906   8.64000 2576.00000   2.60524  19.27741   5.57562
   21.899   8.62500 2580.00000   2.60828  19.30726   5.58415
   21.930   8.62500 2584.00000   2.61056  19.33710   5.59267
   21.962   8.62500 2588.00000   2.61284  19.36695   5.60120
   21.993   8.62500 2592.00000   2.61510  19.31265   5.61655
   22.025   8.62500 2596.00000   2.61735  19.34236   5.62509
   22.017   8.61000 2600.00000   2.62040  19.37208   5.63362
   22.048   8.61000 2604.00000   2.62265  19.40179   5.64216
   22.040   8.59500 2608.00000   2.62569  19.43151   5.65069
   22.072   8.59500 2612.00000   2.62793  19.46122   5.65922
   22.103   8.59500 2616.00000   2.63016  19.40592   5.67466
   22.134   8.59500 2620.00000   2.63238  19.43551   5.68321
   22.126   8.58000 2624.00000   2.63542  19.46509   5.69175
   22.157   8.58000 2628.00000   2.63764  19.49468   5.70029
   22.188   8.58000 2632.00000   2.63985  19.52426   5.70883
   22.219   8.58000 2636.00000   2.64203  19.46809   5.72435
   22.251   8.58000 2640.00000   2.64422  19.49754   5.73290
   22.242   8.56500 2644.00000   2.64726  19.52700   5.74145
   22.273   8.56500 2648.00000   2.64945  19.55645   5.75001
   22.264   8.55000 2652.00000   2.65249  19.58591   5.75856
   22.335   8.56500 2656.00000   2.65376  19.52886   5.77414
   22.326   8.55000 2660.00000   2.65681  19.55818   5.78271
   22.357   8.55000 2664.00000   2.65897  19.58751   5.79127
   22.348   8.53500 2668.00000   2.66201  19.61683   5.79983
   22.379   8.53500 2672.00000   2.66416  19.64616   5.80839
   22.450   8.55000 2676.00000   2.66535  19.58823   5.82405
   22.441   8.53500 2680.00000   2.66841  19.61742   5.83262
   22.471   8.53500 2684.00000   2.67053  19.64662   5.84120
   22.462   8.52000 2688.00000   2.67358  19.67581   5.84977
   22.493   8.52000 2692.00000   2.67570  19.70501   5.85834
   22.483   8.50500 2696.00000   2.67874  19.73420   5.86691
   22.554   8.52000 2700.00000   2.67987  19.67526   5.88265
   22.544   8.50500 2704.00000   2.68293  19.70432   5.89124
   22.575   8.50500 2708.00000   2.68502  19.73339   5.89982
   22.605   8.50500 2712.00000   2.68709  19.76245   5.90840
   22.596   8.49000 2716.00000   2.69014  19.79152   5.91698
   22.667   8.50500 2720.00000   2.69120  19.73170   5.93280
   22.657   8.49000 2724.00000   2.69426  19.76063   5.94139
   22.687   8.49000 2728.00000   2.69631  19.78956   5.94998
   22.677   8.47500 2732.00000   2.69937  19.81850   5.95857
   22.707   8.47500 2736.00000   2.70141  19.84743   5.96717
   22.697   8.46000 2740.00000   2.70446  19.87636   5.97576
   22.768   8.47500 2744.00000   2.70545  19.81553   5.99165
   22.798   8.47500 2748.00000   2.70747  19.84433   6.00026
   22.788   8.46000 2752.00000   2.71053  19.87313   6.00886
   22.818   8.46000 2756.00000   2.71254  19.90194   6.01746
   22.807   8.44500 2760.00000   2.71560  19.93074   6.02606
   22.878   8.46000 2764.00000   2.71651  19.86902   6.04203
   22.868   8.44500 2768.00000   2.71958  19.89769   6.05064
   22.898   8.44500 2772.00000   2.72157  19.92636   6.05926
   22.887   8.43000 2776.00000   2.72463  19.95503   6.06787
   22.917   8.43000 2780.00000   2.72661  19.98371   6.07648
   22.947   8.43000 2784.00000   2.72857  20.01238   6.08509
   22.977   8.43000 2788.00000   2.73052  19.94964   6.10114
   23.007   8.43000 2792.00000   2.73246  19.97818   6.10977
   22.996   8.41500 2796.00000   2.73554  20.00672   6.11839
   23.026   8.41500 2800.00000   2.73748  20.03526   6.12701
   23.014   8.40000 2804.00000   2.74055  20.06380   6.13563
   23.044   8.40000 2808.00000   2.74248  20.09234   6.14425
   23.115   8.41500 2812.00000   2.74322  20.02859   6.16039
   23.104   8.40000 2816.00000   2.74631  20.05700   6.16902
   23.133   8.40000 2820.00000   2.74822  20.08541   6.17765
   23.122   8.38500 2824.00000   2.75130  20.11381   6.18628
   23.151   8.38500 2828.00000   2.75320  20.14222   6.19491
   23.140   8.37000 2832.00000   2.75627  20.17063   6.20354
   23.211   8.38500 2836.00000   2.75695  20.10586   6.21977
   23.240   8.38500 2840.00000   2.75882  20.13413   6.22841
   23.228   8.37000 2844.00000   2.76191  20.16241   6.23705
   23.258   8.37000 2848.00000   2.76378  20.19069   6.24569
   23.246   8.35500 2852.00000   2.76686  20.21897   6.25433
   23.275   8.35500 2856.00000   2.76872  20.24724   6.26297
   23.305   8.35500 2860.00000   2.77056  20.18144   6.27928
   23.334   8.35500 2864.00000   2.77240  20.20959   6.28793
   23.363   8.35500 2868.00000   2.77423  20.23774   6.29658
   23.351   8.34000 2872.00000   2.77733  20.26588   6.30523
   23.380   8.34000 2876.00000   2.77915  20.29403   6.31388
   23.368   8.32500 2880.00000   2.78224  20.32217   6.32253
   23.439   8.34000 2884.00000   2.78276  20.25535   6.33893
   23.468   8.34000 2888.00000   2.78455  20.28336   6.34759
   23.455   8.32500 2892.00000   2.78766  20.31138   6.35625
   23.485   8.32500 2896.00000   2.78945  20.33939   6.36491
   23.472   8.31000 2900.00000   2.79255  20.36741   6.37357
   23.501   8.31000 2904.00000   2.79434  20.39542   6.38223
   23.530   8.31000 2908.00000   2.79610  20.32757   6.39871
   23.559   8.31000 2912.00000   2.79787  20.35545   6.40738
   23.588   8.31000 2916.00000   2.79962  20.38333   6.41605
   23.575   8.29500 2920.00000   2.80274  20.41122   6.42472
   23.604   8.29500 2924.00000   2.80449  20.43910   6.43339
   23.591   8.28000 2928.00000   2.80760  20.46698   6.44206
   23.619   8.28000 2932.00000   2.80935  20.49486   6.45073
   23.690   8.29500 2936.00000   2.80966  20.42585   6.46731
   23.677   8.28000 2940.00000   2.81280  20.45360   6.47599
   23.706   8.28000 2944.00000   2.81451  20.48135   6.48467
   23.692   8.26500 2948.00000   2.81763  20.50910   6.49335
   23.721   8.26500 2952.00000   2.81935  20.53685   6.50203
   23.750   8.26500 2956.00000   2.82105  20.56460   6.51071
   23.778   8.26500 2960.00000   2.82273  20.49456   6.52737
   23.807   8.26500 2964.00000   2.82441  20.52217   6.53606
   23.793   8.25000 2968.00000   2.82755  20.54979   6.54475
   23.822   8.25000 2972.00000   2.82923  20.57741   6.55344
   23.850   8.25000 2976.00000   2.83089  20.60503   6.56213
   23.836   8.23500 2980.00000   2.83403  20.63264   6.57082
   23.865   8.23500 2984.00000   2.83570  20.66026   6.57950
   23.893   8.23500 2988.00000   2.83734  20.58905   6.59627
   23.922   8.23500 2992.00000   2.83898  20.61654   6.60497
   23.950   8.23500 2996.00000   2.84061  20.64403   6.61367
   23.936   8.22000 3000.00000   2.84377  20.67151   6.62237
   23.964   8.22000 3004.00000   2.84540  20.69900   6.63106
   23.950   8.20500 3008.00000   2.84854  20.72648   6.63976
   23.978   8.20500 3012.00000   2.85017  20.75396   6.64846
   24.049   8.22000 3016.00000   2.85021  20.68159   6.66532
   24.035   8.20500 3020.00000   2.85338  20.70894   6.67403
   24.063   8.20500 3024.00000   2.85498  20.73630   6.68274
   24.091   8.20500 3028.00000   2.85656  20.76365   6.69145
   24.076   8.19000 3032.00000   2.85973  20.79100   6.70016
   24.104   8.19000 3036.00000   2.86132  20.81835   6.70886
   24.090   8.17500 3040.00000   2.86448  20.84571   6.71757
   24.161   8.19000 3044.00000   2.86444  20.77216   6.73453
   24.189   8.19000 3048.00000   2.86599  20.79938   6.74325
   24.174   8.17500 3052.00000   2.86918  20.82660   6.75197
   24.202   8.17500 3056.00000   2.87072  20.85382   6.76069
   24.186   8.16000 3060.00000   2.87390  20.88104   6.76940
   24.214   8.16000 3064.00000   2.87545  20.90826   6.77812
   24.285   8.17500 3068.00000   2.87529  20.83368   6.79517
   24.270   8.16000 3072.00000   2.87850  20.86077   6.80390
   24.298   8.16000 3076.00000   2.88001  20.88785   6.81263
   24.326   8.16000 3080.00000   2.88152  20.91494   6.82135
   24.310   8.14500 3084.00000   2.88472  20.94203   6.83008
   24.338   8.14500 3088.00000   2.88623  20.96911   6.83881
   24.322   8.13000 3092.00000   2.88942  20.99620   6.84754
   24.350   8.13000 3096.00000   2.89093  21.02329   6.85626
   24.421   8.14500 3100.00000   2.89066  20.94740   6.87342
   24.405   8.13000 3104.00000   2.89388  20.97435   6.88216
   24.433   8.13000 3108.00000   2.89535  21.00131   6.89090
   24.461   8.13000 3112.00000   2.89681  21.02826   6.89963
   24.445   8.11500 3116.00000   2.90003  21.05521   6.90837
   24.472   8.11500 3120.00000   2.90149  21.08217   6.91711
   24.500   8.11500 3124.00000   2.90294  21.10912   6.92584
   24.527   8.11500 3128.00000   2.90436  21.03205   6.94310
   24.555   8.11500 3132.00000   2.90578  21.05888   6.95185
   24.539   8.10000 3136.00000   2.90903  21.08570   6.96060
   24.566   8.10000 3140.00000   2.91045  21.11252   6.96934
   24.593   8.10000 3144.00000   2.91186  21.13934   6.97809
   24.577   8.08500 3148.00000   2.91511  21.16616   6.98684
   24.604   8.08500 3152.00000   2.91652  21.19298   6.99558
   24.675   8.10000 3156.00000   2.91602  21.11473   7.01294
   24.659   8.08500 3160.00000   2.91930  21.14142   7.02170
   24.686   8.08500 3164.00000   2.92068  21.16811   7.03046
   24.713   8.08500 3168.00000   2.92205  21.19480   7.03921
   24.697   8.07000 3172.00000   2.92532  21.22148   7.04797
   24.724   8.07000 3176.00000   2.92669  21.24817   7.05673
   24.751   8.07000 3180.00000   2.92805  21.27486   7.06548
   24.734   8.05500 3184.00000   2.93132  21.30154   7.07424
   24.805   8.07000 3188.00000   2.93071  21.22199   7.09171
   24.832   8.07000 3192.00000   2.93204  21.24854   7.10047
   24.815   8.05500 3196.00000   2.93534  21.27510   7.10924
   24.842   8.05500 3200.00000   2.93667  21.30165   7.11801
   24.869   8.05500 3204.00000   2.93798  21.32820   7.12677
   24.852   8.04000 3208.00000   2.94129  21.35476   7.13554
   24.879   8.04000 3212.00000   2.94260  21.38131   7.14430
   24.950   8.05500 3216.00000   2.94185  21.30057   7.16187
   24.932   8.04000 3220.00000   2.94518  21.32699   7.17065
   24.959   8.04000 3224.00000   2.94646  21.35341   7.17943
   24.986   8.04000 3228.00000   2.94774  21.37983   7.18820
   24.969   8.02500 3232.00000   2.95107  21.40625   7.19698
   24.995   8.02500 3236.00000   2.95234  21.43267   7.20575
   25.022   8.02500 3240.00000   2.95360  21.45909   7.21453
   25.005   8.01000 3244.00000   2.95694  21.48551   7.22330
   25.076   8.02500 3248.00000   2.95607  21.40345   7.24098
   25.102   8.02500 3252.00000   2.95730  21.42973   7.24977
   25.084   8.01000 3256.00000   2.96067  21.45602   7.25856
   25.111   8.01000 3260.00000   2.96190  21.48231   7.26735
   25.138   8.01000 3264.00000   2.96312  21.50860   7.27613
   25.120   7.99500 3268.00000   2.96649  21.53488   7.28492
   25.146   7.99500 3272.00000   2.96770  21.56117   7.29370
   25.173   7.99500 3276.00000   2.96891  21.58745   7.30248
   25.199   7.99500 3280.00000   2.97009  21.50407   7.32028
   25.226   7.99500 3284.00000   2.97128  21.53022   7.32907
   25.252   7.99500 3288.00000   2.97245  21.55638   7.33787
   25.234   7.98000 3292.00000   2.97585  21.58253   7.34667
   25.260   7.98000 3296.00000   2.97703  21.60868   7.35546
   25.286   7.98000 3300.00000   2.97820  21.63483   7.36426
   25.268   7.96500 3304.00000   2.98160  21.66099   7.37305
   25.294   7.96500 3308.00000   2.98276  21.68714   7.38185
   25.365   7.98000 3312.00000   2.98161  21.60243   7.39975
   25.347   7.96500 3316.00000   2.98504  21.62845   7.40856
   25.373   7.96500 3320.00000   2.98618  21.65447   7.41736
   25.399   7.96500 3324.00000   2.98730  21.68049   7.42617
   25.381   7.95000 3328.00000   2.99074  21.70651   7.43497
   25.407   7.95000 3332.00000   2.99186  21.73252   7.44378
   25.433   7.95000 3336.00000   2.99298  21.75854   7.45258
   25.459   7.95000 3340.00000   2.99408  21.78456   7.46139
   25.485   7.95000 3344.00000   2.99515  21.69852   7.47940
   25.511   7.95000 3348.00000   2.99623  21.72441   7.48822
   25.537   7.95000 3352.00000   2.99730  21.75029   7.49704
   25.518   7.93500 3356.00000   3.00079  21.77618   7.50585
   25.544   7.93500 3360.00000   3.00186  21.80206   7.51467
   25.570   7.93500 3364.00000   3.00292  21.82795   7.52348
   25.551   7.92000 3368.00000   3.00640  21.85383   7.53230
   25.577   7.92000 3372.00000   3.00746  21.87971   7.54111
   25.602   7.92000 3376.00000   3.00852  21.90560   7.54992
   25.673   7.93500 3380.00000   3.00704  21.81810   7.56807
   25.654   7.92000 3384.00000   3.01057  21.84385   7.57689
   25.680   7.92000 3388.00000   3.01159  21.86960   7.58572
   25.706   7.92000 3392.00000   3.01260  21.89535   7.59454
   25.686   7.90500 3396.00000   3.01613  21.92110   7.60337
   25.712   7.90500 3400.00000   3.01714  21.94685   7.61219
   25.737   7.90500 3404.00000   3.01814  21.97260   7.62101
   25.763   7.90500 3408.00000   3.01913  21.99835   7.62984
   25.789   7.90500 3412.00000   3.02009  21.90952   7.64809
   25.814   7.90500 3416.00000   3.02105  21.93513   7.65693
   25.840   7.90500 3420.00000   3.02201  21.96075   7.66576
   25.820   7.89000 3424.00000   3.02559  21.98637   7.67460
   25.846   7.89000 3428.00000   3.02655  22.01198   7.68343
   25.871   7.89000 3432.00000   3.02750  22.03760   7.69227
   25.897   7.89000 3436.00000   3.02844  22.06321   7.70110
   25.877   7.87500 3440.00000   3.03203  22.08883   7.70993
   25.902   7.87500 3444.00000   3.03297  22.11444   7.71876
   25.973   7.89000 3448.00000   3.03117  22.02414   7.73715
   25.953   7.87500 3452.00000   3.03480  22.04962   7.74599
   25.978   7.87500 3456.00000   3.03571  22.07510   7.75484
   26.004   7.87500 3460.00000   3.03660  22.10058   7.76368
   26.029   7.87500 3464.00000   3.03749  22.12607   7.77253
   26.009   7.86000 3468.00000   3.04113  22.15155   7.78137
   26.034   7.86000 3472.00000   3.04202  22.17703   7.79021
   26.059   7.86000 3476.00000   3.04290  22.20251   7.79905
   26.084   7.86000 3480.00000   3.04377  22.22799   7.80790
   26.109   7.86000 3484.00000   3.04460  22.13621   7.82641
   26.135   7.86000 3488.00000   3.04545  22.16156   7.83526
   26.160   7.86000 3492.00000   3.04629  22.18691   7.84412
   26.139   7.84500 3496.00000   3.04998  22.21225   7.85297
   26.164   7.84500 3500.00000   3.05082  22.23760   7.86182
   26.189   7.84500 3504.00000   3.05165  22.26294   7.87068
   26.214   7.84500 3508.00000   3.05246  22.28829   7.87953
   26.194   7.83000 3512.00000   3.05618  22.31363   7.88838
   26.219   7.83000 3516.00000   3.05700  22.33898   7.89723
   26.289   7.84500 3520.00000   3.05483  22.24573   7.91587
   26.314   7.84500 3524.00000   3.05561  22.27094   7.92473
   26.293   7.83000 3528.00000   3.05937  22.29616   7.93360
   26.318   7.83000 3532.00000   3.06015  22.32137   7.94246
   26.343   7.83000 3536.00000   3.06091  22.34658   7.95132
   26.368   7.83000 3540.00000   3.06167  22.37179   7.96019
   26.347   7.81500 3544.00000   3.06545  22.39700   7.96905
   26.372   7.81500 3548.00000   3.06621  22.42221   7.97791
   26.396   7.81500 3552.00000   3.06695  22.44742   7.98677
   26.467   7.83000 3556.00000   3.06457  22.35269   8.00554
   26.446   7.81500 3560.00000   3.06840  22.37777   8.01441
   26.471   7.81500 3564.00000   3.06911  22.40285   8.02328
   26.495   7.81500 3568.00000   3.06982  22.42792   8.03216
   26.520   7.81500 3572.00000   3.07052  22.45300   8.04103
   26.499   7.80000 3576.00000   3.07436  22.47807   8.04990
   26.523   7.80000 3580.00000   3.07506  22.50315   8.05877
   26.548   7.80000 3584.00000   3.07575  22.52822   8.06764
   26.572   7.80000 3588.00000   3.07643  22.55330   8.07651
   26.551   7.78500 3592.00000   3.08029  22.57837   8.08538
   26.621   7.80000 3596.00000   3.07773  22.48203   8.10429
   26.646   7.80000 3600.00000   3.07837  22.50698   8.11317
   26.670   7.80000 3604.00000   3.07901  22.53192   8.12206
   26.649   7.78500 3608.00000   3.08293  22.55686   8.13094
   26.673   7.78500 3612.00000   3.08356  22.58180   8.13982
   26.697   7.78500 3616.00000   3.08419  22.60674   8.14870
   26.722   7.78500 3620.00000   3.08481  22.63168   8.15758
   26.700   7.77000 3624.00000   3.08874  22.65662   8.16646
   26.724   7.77000 3628.00000   3.08936  22.68156   8.17534
   26.795   7.78500 3632.00000   3.08658  22.58373   8.19438
   26.819   7.78500 3636.00000   3.08716  22.60854   8.20327
   26.843   7.78500 3640.00000   3.08772  22.63334   8.21216
   26.821   7.77000 3644.00000   3.09172  22.65815   8.22105
   26.846   7.77000 3648.00000   3.09229  22.68295   8.22995
   26.870   7.77000 3652.00000   3.09285  22.70776   8.23884
   26.894   7.77000 3656.00000   3.09340  22.73256   8.24773
   26.872   7.75500 3660.00000   3.09741  22.75737   8.25662
   26.896   7.75500 3664.00000   3.09797  22.78217   8.26551
   26.920   7.75500 3668.00000   3.09851  22.80697   8.27440
   26.990   7.77000 3672.00000   3.09546  22.70753   8.29357
   26.968   7.75500 3676.00000   3.09954  22.73220   8.30247
   26.992   7.75500 3680.00000   3.10005  22.75687   8.31138
   27.016   7.75500 3684.00000   3.10055  22.78154   8.32028
   27.040   7.75500 3688.00000   3.10104  22.80621   8.32918
   27.064   7.75500 3692.00000   3.10152  22.83088   8.33808
   27.041   7.74000 3696.00000   3.10562  22.85555   8.34698
   27.065   7.74000 3700.00000   3.10610  22.88021   8.35588
   27.089   7.74000 3704.00000   3.10658  22.90488   8.36478
   27.113   7.74000 3708.00000   3.10704  22.92955   8.37368
   27.183   7.75500 3712.00000   3.10373  22.82848   8.39299
   27.161   7.74000 3716.00000   3.10791  22.85301   8.40191
   27.184   7.74000 3720.00000   3.10834  22.87755   8.41082
   27.208   7.74000 3724.00000   3.10876  22.90208   8.41973
   27.232   7.74000 3728.00000   3.10917  22.92662   8.42864
   27.209   7.72500 3732.00000   3.11336  22.95115   8.43755
   27.233   7.72500 3736.00000   3.11378  22.97568   8.44646
   27.257   7.72500 3740.00000   3.11418  23.00021   8.45537
   27.280   7.72500 3744.00000   3.11458  23.02475   8.46428
   27.304   7.72500 3748.00000   3.11496  23.04928   8.47318
   27.281   7.71000 3752.00000   3.11919  23.07381   8.48209
   27.351   7.72500 3756.00000   3.11567  22.97098   8.50157
   27.375   7.72500 3760.00000   3.11602  22.99538   8.51049
   27.398   7.72500 3764.00000   3.11637  23.01978   8.51941
   27.422   7.72500 3768.00000   3.11670  23.04417   8.52833
   27.398   7.71000 3772.00000   3.12100  23.06857   8.53725
   27.422   7.71000 3776.00000   3.12133  23.09297   8.54617
   27.445   7.71000 3780.00000   3.12166  23.11736   8.55509
   27.469   7.71000 3784.00000   3.12198  23.14176   8.56400
   27.492   7.71000 3788.00000   3.12228  23.16616   8.57292
   27.469   7.69500 3792.00000   3.12662  23.19055   8.58184
   27.539   7.71000 3796.00000   3.12284  23.08609   8.60146
   27.562   7.71000 3800.00000   3.12311  23.11035   8.61039
   27.586   7.71000 3804.00000   3.12338  23.13461   8.61932
   27.609   7.71000 3808.00000   3.12363  23.15887   8.62825
   27.585   7.69500 3812.00000   3.12804  23.18314   8.63718
   27.609   7.69500 3816.00000   3.12830  23.20740   8.64610
   27.632   7.69500 3820.00000   3.12855  23.23166   8.65503
   27.655   7.69500 3824.00000   3.12878  23.25592   8.66396
   27.678   7.69500 3828.00000   3.12901  23.28018   8.67289
   27.654   7.68000 3832.00000   3.13346  23.30444   8.68181
   27.678   7.68000 3836.00000   3.13369  23.32870   8.69074
   27.748   7.69500 3840.00000   3.12961  23.22246   8.71051
   27.771   7.69500 3844.00000   3.12979  23.24659   8.71945
   27.794   7.69500 3848.00000   3.12997  23.27072   8.72839
   27.770   7.68000 3852.00000   3.13449  23.29484   8.73733
   27.793   7.68000 3856.00000   3.13467  23.31897   8.74627
   27.816   7.68000 3860.00000   3.13484  23.34309   8.75521
   27.839   7.68000 3864.00000   3.13501  23.36722   8.76415
   27.862   7.68000 3868.00000   3.13516  23.39134   8.77308
   27.885   7.68000 3872.00000   3.13530  23.41547   8.78202
   27.861   7.66500 3876.00000   3.13987  23.43959   8.79096
   27.884   7.66500 3880.00000   3.14002  23.46371   8.79989
   27.954   7.68000 3884.00000   3.13563  23.35570   8.81982
   27.976   7.68000 3888.00000   3.13573  23.37969   8.82877
   27.999   7.68000 3892.00000   3.13582  23.40368   8.83772
   27.975   7.66500 3896.00000   3.14047  23.42767   8.84667
   27.998   7.66500 3900.00000   3.14057  23.45166   8.85562
   28.021   7.66500 3904.00000   3.14065  23.47565   8.86456
   28.043   7.66500 3908.00000   3.14073  23.49964   8.87351
   28.066   7.66500 3912.00000   3.14079  23.52362   8.88246
   28.089   7.66500 3916.00000   3.14084  23.54761   8.89140
   28.064   7.65000 3920.00000   3.14555  23.57160   8.90035
   28.087   7.65000 3924.00000   3.14561  23.59559   8.90929
   28.157   7.66500 3928.00000   3.14092  23.48580   8.92938
   28.179   7.66500 3932.00000   3.14093  23.50965   8.93834
   28.202   7.66500 3936.00000   3.14094  23.53351   8.94730
   28.224   7.66500 3940.00000   3.14093  23.55736   8.95626
   28.200   7.65000 3944.00000   3.14573  23.58121   8.96521
   28.222   7.65000 3948.00000   3.14573  23.60506   8.97417
   28.245   7.65000 3952.00000   3.14572  23.62892   8.98313
   28.267   7.65000 3956.00000   3.14570  23.65277   8.99208
   28.290   7.65000 3960.00000   3.14566  23.67662   9.00104
   28.265   7.63500 3964.00000   3.15050  23.70047   9.00999
   28.287   7.63500 3968.00000   3.15048  23.72432   9.01895
   28.310   7.63500 3972.00000   3.15044  23.74817   9.02790
   28.379   7.65000 3976.00000   3.14541  23.63647   9.04816
   28.402   7.65000 3980.00000   3.14533  23.66018   9.05713
   28.424   7.65000 3984.00000   3.14524  23.68390   9.06610
   28.399   7.63500 3988.00000   3.15017  23.70762   9.07506
   28.421   7.63500 3992.00000   3.15009  23.73133   9.08403
   28.444   7.63500 3996.00000   3.14999  23.75505   9.09299
   28.466   7.63500 4000.00000   3.14988  23.77876   9.10196
   28.488   7.63500 4004.00000   3.14977  23.80248   9.11093
   28.510   7.63500 4008.00000   3.14964  23.82619   9.11989
   28.485   7.62000 4012.00000   3.15463  23.84990   9.12885
   28.507   7.62000 4016.00000   3.15451  23.87362   9.13782
   28.529   7.62000 4020.00000   3.15438  23.89733   9.14678
   28.599   7.63500 4024.00000   3.14901  23.78371   9.16721
   28.621   7.63500 4028.00000   3.14883  23.80729   9.17619
   28.643   7.63500 4032.00000   3.14864  23.83087   9.18516
   28.665   7.63500 4036.00000   3.14845  23.85445   9.19414
   28.640   7.62000 4040.00000   3.15356  23.87802   9.20312
   28.662   7.62000 4044.00000   3.15337  23.90160   9.21209
   28.684   7.62000 4048.00000   3.15317  23.92518   9.22107
   28.706   7.62000 4052.00000   3.15296  23.94876   9.23004
   28.727   7.62000 4056.00000   3.15274  23.97234   9.23901
   28.749   7.62000 4060.00000   3.15251  23.99591   9.24799
   28.724   7.60500 4064.00000   3.15767  24.01949   9.25696
   28.746   7.60500 4068.00000   3.15745  24.04307   9.26593
   28.815   7.62000 4072.00000   3.15173  23.92752   9.28653
   28.837   7.62000 4076.00000   3.15146  23.95096   9.29552
   28.859   7.62000 4080.00000   3.15118  23.97440   9.30451
   28.880   7.62000 4084.00000   3.15089  23.99784   9.31349
   28.902   7.62000 4088.00000   3.15058  24.02129   9.32248
   28.876   7.60500 4092.00000   3.15587  24.04473   9.33146
   28.898   7.60500 4096.00000   3.15558  24.06817   9.34045
   28.920   7.60500 4100.00000   3.15528  24.09161   9.34943
   28.942   7.60500 4104.00000   3.15496  24.11505   9.35841
   28.963   7.60500 4108.00000   3.15464  24.13849   9.36739
   28.985   7.60500 4112.00000   3.15431  24.16193   9.37638
   28.959   7.59000 4116.00000   3.15965  24.18537   9.38536
   29.028   7.60500 4120.00000   3.15358  24.06789   9.40613
   29.049   7.60500 4124.00000   3.15322  24.09120   9.41513
   29.071   7.60500 4128.00000   3.15285  24.11450   9.42412
   29.092   7.60500 4132.00000   3.15247  24.13781   9.43312
   29.114   7.60500 4136.00000   3.15207  24.16111   9.44211
   29.135   7.60500 4140.00000   3.15167  24.18442   9.45111
   29.110   7.59000 4144.00000   3.15714  24.20772   9.46010
   29.131   7.59000 4148.00000   3.15674  24.23102   9.46909
   29.152   7.59000 4152.00000   3.15634  24.25433   9.47808
   29.174   7.59000 4156.00000   3.15592  24.27763   9.48708
   29.195   7.59000 4160.00000   3.15550  24.30093   9.49607
   29.216   7.59000 4164.00000   3.15506  24.32423   9.50506
   29.238   7.59000 4168.00000   3.15462  24.34754   9.51405
   29.259   7.59000 4172.00000   3.15414  24.22799   9.53501
   29.280   7.59000 4176.00000   3.15368  24.25116   9.54402
   29.302   7.59000 4180.00000   3.15320  24.27433   9.55302
   29.323   7.59000 4184.00000   3.15272  24.29749   9.56202
   29.344   7.59000 4188.00000   3.15222  24.32066   9.57103
   29.365   7.59000 4192.00000   3.15172  24.34383   9.58003
   29.386   7.59000 4196.00000   3.15121  24.36699   9.58903
   29.407   7.59000 4200.00000   3.15068  24.39016   9.59803
   29.381   7.57500 4204.00000   3.15637  24.41333   9.60703
   29.402   7.57500 4208.00000   3.15586  24.43649   9.61604
   29.423   7.57500 4212.00000   3.15533  24.45966   9.62504
   29.444   7.57500 4216.00000   3.15480  24.48282   9.63404
   29.465   7.57500 4220.00000   3.15425  24.50599   9.64303
   29.534   7.59000 4224.00000   3.14731  24.38437   9.66419
   29.555   7.59000 4228.00000   3.14672  24.40740   9.67320
   29.528   7.57500 4232.00000   3.15254  24.43043   9.68221
   29.549   7.57500 4236.00000   3.15195  24.45346   9.69123
   29.570   7.57500 4240.00000   3.15136  24.47649   9.70024
   29.591   7.57500 4244.00000   3.15076  24.49952   9.70925
   29.612   7.57500 4248.00000   3.15014  24.52255   9.71826
   29.633   7.57500 4252.00000   3.14952  24.54557   9.72727
   29.654   7.57500 4256.00000   3.14889  24.56860   9.73628
   29.674   7.57500 4260.00000   3.14825  24.59163   9.74529
   29.648   7.56000 4264.00000   3.15416  24.61466   9.75430
   29.669   7.56000 4268.00000   3.15353  24.63769   9.76331
   29.690   7.56000 4272.00000   3.15289  24.66071   9.77232
   29.757   7.57500 4276.00000   3.14555  24.53702   9.79366
   29.778   7.57500 4280.00000   3.14486  24.55991   9.80268
   29.799   7.57500 4284.00000   3.14416  24.58280   9.81170
   29.819   7.57500 4288.00000   3.14345  24.60570   9.82072
   29.840   7.57500 4292.00000   3.14273  24.62859   9.82975
   29.814   7.56000 4296.00000   3.14880  24.65148   9.83877
   29.834   7.56000 4300.00000   3.14809  24.67437   9.84779
   29.855   7.56000 4304.00000   3.14737  24.69726   9.85681
   29.875   7.56000 4308.00000   3.14664  24.72015   9.86583
   29.896   7.56000 4312.00000   3.14590  24.74304   9.87485
   29.916   7.56000 4316.00000   3.14515  24.76593   9.88386
   29.937   7.56000 4320.00000   3.14439  24.78882   9.89288
   29.957   7.56000 4324.00000   3.14362  24.81171   9.90190
   29.930   7.54500 4328.00000   3.14979  24.83460   9.91092
   29.998   7.56000 4332.00000   3.14203  24.70869   9.93246
   30.018   7.56000 4336.00000   3.14124  24.73145   9.94149
   30.039   7.56000 4340.00000   3.14043  24.75420   9.95052
   30.059   7.56000 4344.00000   3.13961  24.77695   9.95955
   30.079   7.56000 4348.00000   3.13879  24.79971   9.96858
   30.100   7.56000 4352.00000   3.13795  24.82246   9.97761
   30.120   7.56000 4356.00000   3.13711  24.84521   9.98664
   30.093   7.54500 4360.00000   3.14342  24.86796   9.99567
   30.113   7.54500 4364.00000   3.14259  24.89072  10.00470
   30.134   7.54500 4368.00000   3.14174  24.91347  10.01373
   30.154   7.54500 4372.00000   3.14089  24.93622  10.02275
   30.174   7.54500 4376.00000   3.14003  24.95897  10.03178
   30.194   7.54500 4380.00000   3.13915  24.98173  10.04081
   30.214   7.54500 4384.00000   3.13827  25.00448  10.04983
   30.281   7.56000 4388.00000   3.12998  24.87635  10.07158
   30.301   7.56000 4392.00000   3.12905  24.89896  10.08062
   30.275   7.54500 4396.00000   3.13554  24.92158  10.08966
   30.295   7.54500 4400.00000   3.13462  24.94419  10.09870
   30.315   7.54500 4404.00000   3.13369  24.96681  10.10774
   30.335   7.54500 4408.00000   3.13275  24.98942  10.11678
   30.355   7.54500 4412.00000   3.13180  25.01204  10.12582
   30.375   7.54500 4416.00000   3.13084  25.03465  10.13485
   30.394   7.54500 4420.00000   3.12988  25.05727  10.14389
   30.414   7.54500 4424.00000   3.12890  25.07988  10.15293
   30.434   7.54500 4428.00000   3.12791  25.10250  10.16196
   30.407   7.53000 4432.00000   3.13453  25.12511  10.17100
   30.427   7.53000 4436.00000   3.13355  25.14772  10.18003
   30.447   7.53000 4440.00000   3.13257  25.17034  10.18907
   30.514   7.54500 4444.00000   3.12385  25.03998  10.21102
   30.533   7.54500 4448.00000   3.12282  25.06246  10.22007
   30.553   7.54500 4452.00000   3.12177  25.08493  10.22912
   30.573   7.54500 4456.00000   3.12072  25.10741  10.23817
   30.593   7.54500 4460.00000   3.11966  25.12989  10.24722
   30.612   7.54500 4464.00000   3.11859  25.15237  10.25626
   30.632   7.54500 4468.00000   3.11751  25.17484  10.26531
   30.605   7.53000 4472.00000   3.12432  25.19732  10.27436
   30.624   7.53000 4476.00000   3.12325  25.21979  10.28340
   30.644   7.53000 4480.00000   3.12217  25.24227  10.29245
   30.664   7.53000 4484.00000   3.12109  25.26475  10.30149
   30.683   7.53000 4488.00000   3.11999  25.28722  10.31054
   30.703   7.53000 4492.00000   3.11888  25.30970  10.31958
   30.722   7.53000 4496.00000   3.11777  25.33217  10.32863
   30.788   7.54500 4500.00000   3.10852  25.19958  10.35078
   30.808   7.54500 4504.00000   3.10736  25.22192  10.35984
   30.827   7.54500 4508.00000   3.10619  25.24426  10.36890
   30.800   7.53000 4512.00000   3.11319  25.26660  10.37796
   30.819   7.53000 4516.00000   3.11203  25.28894  10.38702
   30.839   7.53000 4520.00000   3.11086  25.31128  10.39607
   30.858   7.53000 4524.00000   3.10968  25.33362  10.40513
   30.878   7.53000 4528.00000   3.10849  25.35596  10.41418
   30.897   7.53000 4532.00000   3.10730  25.37829  10.42324
   30.916   7.53000 4536.00000   3.10609  25.40063  10.43229
   30.935   7.53000 4540.00000   3.10487  25.42297  10.44135
   30.955   7.53000 4544.00000   3.10365  25.44531  10.45040
   30.974   7.53000 4548.00000   3.10242  25.46764  10.45946
   30.993   7.53000 4552.00000   3.10117  25.48998  10.46851
   30.966   7.51500 4556.00000   3.10834  25.51232  10.47756
   31.031   7.53000 4560.00000   3.09863  25.37736  10.49994
   31.051   7.53000 4564.00000   3.09736  25.39956  10.50901
   31.070   7.53000 4568.00000   3.09609  25.42176  10.51807
   31.089   7.53000 4572.00000   3.09480  25.44396  10.52714
   31.108   7.53000 4576.00000   3.09350  25.46616  10.53620
   31.127   7.53000 4580.00000   3.09220  25.48836  10.54527
   31.146   7.53000 4584.00000   3.09088  25.51056  10.55434
   31.165   7.53000 4588.00000   3.08956  25.53276  10.56340
   31.184   7.53000 4592.00000   3.08823  25.55496  10.57246
   31.203   7.53000 4596.00000   3.08689  25.57716  10.58153
   31.175   7.51500 4600.00000   3.09427  25.59936  10.59059
   31.194   7.51500 4604.00000   3.09294  25.62155  10.59965
   31.213   7.51500 4608.00000   3.09160  25.64375  10.60872
   31.232   7.51500 4612.00000   3.09026  25.66595  10.61778
   31.251   7.51500 4616.00000   3.08890  25.68815  10.62684
   31.270   7.51500 4620.00000   3.08753  25.71035  10.63590
   31.335   7.53000 4624.00000   3.07722  25.57287  10.65851
   31.354   7.53000 4628.00000   3.07581  25.59493  10.66759
   31.372   7.53000 4632.00000   3.07439  25.61700  10.67666
   31.391   7.53000 4636.00000   3.07296  25.63906  10.68574
   31.410   7.53000 4640.00000   3.07152  25.66112  10.69481
   31.429   7.53000 4644.00000   3.07008  25.68318  10.70389
   31.447   7.53000 4648.00000   3.06862  25.70524  10.71296
   31.420   7.51500 4652.00000   3.07627  25.72730  10.72203
   31.438   7.51500 4656.00000   3.07482  25.74936  10.73111
   31.457   7.51500 4660.00000   3.07337  25.77142  10.74018
   31.476   7.51500 4664.00000   3.07191  25.79348  10.74925
   31.494   7.51500 4668.00000   3.07044  25.81554  10.75832
   31.513   7.51500 4672.00000   3.06896  25.83760  10.76739
   31.531   7.51500 4676.00000   3.06747  25.85966  10.77646
   31.550   7.51500 4680.00000   3.06597  25.88172  10.78553
   31.568   7.51500 4684.00000   3.06447  25.90378  10.79460
   31.633   7.53000 4688.00000   3.05356  25.76379  10.81745
   31.651   7.53000 4692.00000   3.05201  25.78571  10.82654
   31.669   7.53000 4696.00000   3.05045  25.80763  10.83562
   31.688   7.53000 4700.00000   3.04888  25.82955  10.84470
   31.706   7.53000 4704.00000   3.04730  25.85148  10.85379
   31.724   7.53000 4708.00000   3.04572  25.87340  10.86287
   31.743   7.53000 4712.00000   3.04412  25.89532  10.87195
   31.715   7.51500 4716.00000   3.05209  25.91724  10.88103
   31.734   7.51500 4720.00000   3.05051  25.93916  10.89011
   31.752   7.51500 4724.00000   3.04892  25.96109  10.89919
   31.770   7.51500 4728.00000   3.04732  25.98301  10.90827
   31.788   7.51500 4732.00000   3.04571  26.00493  10.91735
   31.807   7.51500 4736.00000   3.04410  26.02685  10.92643
   31.825   7.51500 4740.00000   3.04247  26.04877  10.93551
   31.843   7.51500 4744.00000   3.04084  26.07069  10.94459
   31.861   7.51500 4748.00000   3.03920  26.09261  10.95366
   31.924   7.53000 4752.00000   3.02769  25.95009  10.97675
   31.943   7.53000 4756.00000   3.02601  25.97187  10.98585
   31.961   7.53000 4760.00000   3.02431  25.99366  10.99494
   31.979   7.53000 4764.00000   3.02261  26.01544  11.00403
   31.997   7.53000 4768.00000   3.02090  26.03722  11.01312
   32.015   7.53000 4772.00000   3.01918  26.05901  11.02222
   32.032   7.53000 4776.00000   3.01745  26.08079  11.03131
   32.050   7.53000 4780.00000   3.01571  26.10257  11.04040
   32.068   7.53000 4784.00000   3.01397  26.12436  11.04949
   32.086   7.53000 4788.00000   3.01221  26.14614  11.05857
   32.104   7.53000 4792.00000   3.01045  26.16792  11.06766
   32.077   7.51500 4796.00000   3.01883  26.18970  11.07675
   32.095   7.51500 4800.00000   3.01708  26.21148  11.08584
   32.112   7.51500 4804.00000   3.01532  26.23327  11.09493
   32.130   7.51500 4808.00000   3.01355  26.25505  11.10401
   32.148   7.51500 4812.00000   3.01178  26.27683  11.11310
   32.166   7.51500 4816.00000   3.01000  26.29861  11.12218
   32.228   7.53000 4820.00000   2.99787  26.15342  11.14553
   32.246   7.53000 4824.00000   2.99604  26.17507  11.15463
   32.264   7.53000 4828.00000   2.99421  26.19671  11.16373
   32.281   7.53000 4832.00000   2.99237  26.21836  11.17283
   32.299   7.53000 4836.00000   2.99052  26.24000  11.18193
   32.316   7.53000 4840.00000   2.98866  26.26164  11.19103
   32.334   7.53000 4844.00000   2.98679  26.28329  11.20013
   32.351   7.53000 4848.00000   2.98492  26.30493  11.20923
   32.369   7.53000 4852.00000   2.98303  26.32657  11.21833
   32.386   7.53000 4856.00000   2.98114  26.34822  11.22742
   32.404   7.53000 4860.00000   2.97925  26.36986  11.23652
   32.421   7.53000 4864.00000   2.97734  26.39150  11.24562
   32.439   7.53000 4868.00000   2.97543  26.41315  11.25471
   32.456   7.53000 4872.00000   2.97350  26.43479  11.26381
   32.474   7.53000 4876.00000   2.97157  26.45643  11.27290
   32.491   7.53000 4880.00000   2.96964  26.47807  11.28200
   32.508   7.53000 4884.00000   2.96769  26.49971  11.29109
   32.570   7.54500 4888.00000   2.95484  26.35185  11.31469
   32.587   7.54500 4892.00000   2.95285  26.37336  11.32380
   32.604   7.54500 4896.00000   2.95086  26.39486  11.33291
   32.622   7.54500 4900.00000   2.94885  26.41637  11.34202
   32.639   7.54500 4904.00000   2.94684  26.43787  11.35113
   32.656   7.54500 4908.00000   2.94482  26.45938  11.36023
   32.673   7.54500 4912.00000   2.94279  26.48088  11.36934
   32.690   7.54500 4916.00000   2.94076  26.50239  11.37845
   32.707   7.54500 4920.00000   2.93871  26.52389  11.38756
   32.724   7.54500 4924.00000   2.93666  26.54539  11.39666
   32.741   7.54500 4928.00000   2.93461  26.56690  11.40577
   32.758   7.54500 4932.00000   2.93254  26.58840  11.41487
   32.775   7.54500 4936.00000   2.93047  26.60990  11.42397
   32.792   7.54500 4940.00000   2.92838  26.63141  11.43308
   32.809   7.54500 4944.00000   2.92630  26.65291  11.44218
   32.826   7.54500 4948.00000   2.92420  26.67441  11.45128
   32.843   7.54500 4952.00000   2.92210  26.69592  11.46039
   32.860   7.54500 4956.00000   2.91998  26.71742  11.46949
   32.921   7.56000 4960.00000   2.90640  26.56674  11.49336
   32.937   7.56000 4964.00000   2.90425  26.58811  11.50248
   32.954   7.56000 4968.00000   2.90209  26.60947  11.51160
   32.971   7.56000 4972.00000   2.89992  26.63084  11.52071
   32.988   7.56000 4976.00000   2.89775  26.65220  11.52983
   33.004   7.56000 4980.00000   2.89556  26.67357  11.53895
   33.021   7.56000 4984.00000   2.89337  26.69493  11.54806
   33.038   7.56000 4988.00000   2.89118  26.71630  11.55718
   33.054   7.56000 4992.00000   2.88897  26.73766  11.56629
   33.071   7.56000 4996.00000   2.88676  26.75902  11.57540
   33.088   7.56000 5000.00000   2.88454  26.78039  11.58452
