    0.000 -888000.00000   4.00000   0.00000   0.00000   0.00000
    0.000 -888000.00000   8.00000   0.00000   0.00000   0.00000
    0.000 -888000.00000  12.00000   0.00000   0.00000   0.00000
    0.000 -888000.00000  16.00000   0.00000   0.00000   0.00000
    0.000 -888000.00000  20.00000   0.00000   0.00000   0.00000
    0.000 -888000.00000  24.00000   0.00000   0.00000   0.00000
    0.000 -888000.00000  28.00000   0.00000   0.00000   0.00000
    0.000 -888000.00000  32.00000   0.00000   0.00000   0.00000
    0.000 -888000.00000  36.00000   0.00000   0.00000   0.00000
    0.000 -888000.00000  40.00000   0.00000   0.00000   0.00000
    0.000 -888000.00000  44.00000   0.00000   0.00000   0.00000
    0.000 -888000.00000  48.00000   0.00000   0.00000   0.00000
    4.348 171.94500  52.00000   0.00000   4.34799   0.00000
    4.732 103.96500  56.00000   0.00001   4.73165   0.00001
    5.112  79.35000  60.00000   0.00019   5.11255   0.00018
    5.487  65.73000  64.00000   0.00085   5.48786   0.00079
    5.854  56.82000  68.00000   0.00227   5.85490   0.00214
    6.209  50.44500  72.00000   0.00467   6.21184   0.00442
    6.554  45.58500  76.00000   0.00818   6.55775   0.00773
    6.886  41.77500  80.00000   0.01280   6.89212   0.01215
    7.206  38.64000  84.00000   0.01862   7.21517   0.01766
    7.516  36.06000  88.00000   0.02551   7.52684   0.02427
    7.813  33.85500  92.00000   0.03355   7.82756   0.03196
    8.101  31.98000  96.00000   0.04255   8.11760   0.04070
    8.378  30.33000 100.00000   0.05265   8.39820   0.05037
    8.645  28.87500 104.00000   0.06373   8.66942   0.06097
    8.904  27.60000 108.00000   0.07559   8.93098   0.07254
    9.153  26.44500 112.00000   0.08844   9.18526   0.08484
    9.395  25.41000 116.00000   0.10206   9.43098   0.09800
    9.628  24.46500 120.00000   0.11655   9.66844   0.11202
    9.857  23.62500 124.00000   0.13148   9.89951   0.12667
   10.075  22.83000 128.00000   0.14752  10.12433   0.14197
   10.288  22.11000 132.00000   0.16404  10.34248   0.15795
   10.498  21.46500 136.00000   0.18079  10.55292   0.17476
   10.699  20.85000 140.00000   0.19849  10.75953   0.19194
   10.892  20.26500 144.00000   0.21711  10.96120   0.20963
   11.084  19.74000 148.00000   0.23574  11.15596   0.22807
   11.270  19.24500 152.00000   0.25499  11.34827   0.24674
   11.451  18.78000 156.00000   0.27476  11.53190   0.26639
   11.628  18.34500 160.00000   0.29492  11.71556   0.28597
   11.802  17.94000 164.00000   0.31536  11.89210   0.30636
   11.969  17.55000 168.00000   0.33650  12.06671   0.32692
   12.135  17.19000 172.00000   0.35769  12.23549   0.34814
   12.290  16.83000 176.00000   0.38010  12.40441   0.36930
   12.451  16.51500 180.00000   0.40165  12.56323   0.39164
   12.603  16.20000 184.00000   0.42429  12.72389   0.41372
   12.751  15.90000 188.00000   0.44729  12.88146   0.43613
   12.903  15.63000 192.00000   0.46972  13.02972   0.45966
   13.047  15.36000 196.00000   0.49314  13.18278   0.48255
   13.188  15.10500 200.00000   0.51667  13.32724   0.50647
   13.329  14.86500 204.00000   0.54020  13.47074   0.53047
   13.462  14.62500 208.00000   0.56467  13.61410   0.55446
   13.594  14.40000 212.00000   0.58904  13.75814   0.57833
   13.718  14.17500 216.00000   0.61432  13.89468   0.60311
   13.854  13.98000 220.00000   0.63822  14.02351   0.62883
   13.981  13.78500 224.00000   0.66291  14.15419   0.65429
   14.102  13.59000 228.00000   0.68839  14.28767   0.67937
   14.226  13.41000 232.00000   0.71341  14.41435   0.70528
   14.343  13.23000 236.00000   0.73918  14.54501   0.73066
   14.464  13.06500 240.00000   0.76434  14.66930   0.75682
   14.579  12.90000 244.00000   0.79019  14.78708   0.78379
   14.687  12.73500 248.00000   0.81675  14.91034   0.81003
   14.801  12.58500 252.00000   0.84252  15.02760   0.83702
   14.922  12.45000 256.00000   0.86738  15.13872   0.86478
   15.025  12.30000 260.00000   0.89440  15.25694   0.89161
   15.135  12.16500 264.00000   0.92044  15.36961   0.91912
   15.225  12.01500 268.00000   0.94878  15.49078   0.94552
   15.338  11.89500 272.00000   0.97430  15.59241   0.97442
   15.446  11.77500 276.00000   1.00034  15.70318   1.00212
   15.549  11.65500 280.00000   1.02690  15.80881   1.03047
   15.647  11.53500 284.00000   1.05399  15.90921   1.05949
   15.739  11.41500 288.00000   1.08162  16.02060   1.08705
   15.843  11.31000 292.00000   1.10781  16.12744   1.11518
   15.926  11.19000 296.00000   1.13650  16.22967   1.14390
   16.038  11.10000 300.00000   1.16157  16.32720   1.17322
   16.128  10.99500 304.00000   1.18916  16.41998   1.20315
   16.214  10.89000 308.00000   1.21722  16.52638   1.23127
   16.295  10.78500 312.00000   1.24577  16.62875   1.25990
   16.390  10.69500 316.00000   1.27253  16.72705   1.28906
   16.481  10.60500 320.00000   1.29969  16.82122   1.31874
   16.568  10.51500 324.00000   1.32726  16.91120   1.34896
   16.672  10.44000 328.00000   1.35280  16.99693   1.37972
   16.730  10.33500 332.00000   1.38361  17.09947   1.40825
   16.826  10.26000 336.00000   1.40989  17.17700   1.44008
   16.919  10.18500 340.00000   1.43649  17.27216   1.46955
   16.986  10.09500 344.00000   1.46603  17.36377   1.49949
   17.072  10.02000 348.00000   1.49334  17.45180   1.52988
   17.153   9.94500 352.00000   1.52097  17.53621   1.56074
   17.232   9.87000 356.00000   1.54895  17.64079   1.58891
   17.307   9.79500 360.00000   1.57726  17.71830   1.62066
   17.402   9.73500 364.00000   1.60306  17.79206   1.65290
   17.470   9.66000 368.00000   1.63201  17.88727   1.68227
   17.535   9.58500 372.00000   1.66130  17.97959   1.71202
   17.621   9.52500 376.00000   1.68795  18.04286   1.74562
   17.704   9.46500 380.00000   1.71485  18.12886   1.77618
   17.759   9.39000 384.00000   1.74509  18.21188   1.80713
   17.836   9.33000 388.00000   1.77255  18.29190   1.83847
   17.911   9.27000 392.00000   1.80027  18.36889   1.87020
   17.982   9.21000 396.00000   1.82825  18.44282   1.90233
   18.051   9.15000 400.00000   1.85650  18.54262   1.93098
   18.117   9.09000 404.00000   1.88500  18.61082   1.96386
   18.208   9.04500 408.00000   1.91040  18.67589   1.99715
   18.269   8.98500 412.00000   1.93939  18.76818   2.02677
   18.326   8.92500 416.00000   1.96865  18.82738   2.06082
   18.381   8.86500 420.00000   1.99817  18.91472   2.09109
   18.463   8.82000 424.00000   2.02441  18.99977   2.12165
   18.542   8.77500 428.00000   2.05082  19.05025   2.15685
   18.588   8.71500 432.00000   2.08106  19.13023   2.18807
   18.663   8.67000 436.00000   2.10788  19.20788   2.21960
   18.736   8.62500 440.00000   2.13487  19.28318   2.25143
   18.774   8.56500 444.00000   2.16582  19.35612   2.28357
   18.842   8.52000 448.00000   2.19323  19.42668   2.31602
   18.908   8.47500 452.00000   2.22081  19.49484   2.34879
   18.971   8.43000 456.00000   2.24857  19.56058   2.38187
   19.032   8.38500 460.00000   2.27652  19.62389   2.41527
   19.126   8.35500 464.00000   2.30065  19.68475   2.44899
   19.148   8.29500 468.00000   2.33295  19.78031   2.47803
   19.238   8.26500 472.00000   2.35736  19.83673   2.51233
   19.290   8.22000 476.00000   2.38599  19.89066   2.54696
   19.341   8.17500 480.00000   2.41480  19.98071   2.57671
   19.425   8.14500 484.00000   2.43958  20.03011   2.61194
   19.434   8.08500 488.00000   2.47296  20.11658   2.64215
   19.515   8.05500 492.00000   2.49803  20.16140   2.67798
   19.557   8.01000 496.00000   2.52752  20.24426   2.70867
   19.634   7.98000 500.00000   2.55282  20.28444   2.74511
   19.672   7.93500 504.00000   2.58263  20.36364   2.77627
   19.746   7.90500 508.00000   2.60817  20.44123   2.80764
   19.819   7.87500 512.00000   2.63380  20.47462   2.84498
   19.850   7.83000 516.00000   2.66407  20.54849   2.87684
   19.919   7.80000 520.00000   2.68994  20.62073   2.90891
   19.946   7.75500 524.00000   2.72054  20.69133   2.94119
   20.012   7.72500 528.00000   2.74664  20.76028   2.97369
   20.077   7.69500 532.00000   2.77285  20.78247   3.01251
   20.140   7.66500 536.00000   2.79915  20.84760   3.04551
   20.201   7.63500 540.00000   2.82555  20.91105   3.07873
   20.261   7.60500 544.00000   2.85204  20.97282   3.11217
   20.276   7.56000 548.00000   2.88350  21.03289   3.14584
   20.333   7.53000 552.00000   2.91023  21.09126   3.17972
   20.387   7.50000 556.00000   2.93706  21.14792   3.21383
   20.441   7.47000 560.00000   2.96399  21.20287   3.24817
   20.448   7.42500 564.00000   2.99602  21.30522   3.27608
   20.543   7.41000 568.00000   3.01813  21.35723   3.31081
   20.592   7.38000 572.00000   3.04534  21.40749   3.34576
   20.639   7.35000 576.00000   3.07265  21.45601   3.38094
   20.685   7.32000 580.00000   3.10005  21.50277   3.41635
   20.776   7.30500 584.00000   3.12235  21.54776   3.45199
   20.772   7.26000 588.00000   3.15514  21.64320   3.48080
   20.813   7.23000 592.00000   3.18283  21.68517   3.51684
   20.900   7.21500 596.00000   3.20530  21.72536   3.55311
   20.890   7.17000 600.00000   3.23848  21.81749   3.58235
   20.976   7.15500 604.00000   3.26107  21.85462   3.61903
   21.060   7.14000 608.00000   3.28367  21.88995   3.65594
   21.045   7.09500 612.00000   3.31720  21.97873   3.68562
   21.127   7.08000 616.00000   3.33993  22.01096   3.72294
   21.158   7.05000 620.00000   3.36819  22.09765   3.75288
   21.188   7.02000 624.00000   3.39653  22.12677   3.79061
   21.267   7.00500 628.00000   3.41939  22.15404   3.82859
   21.294   6.97500 632.00000   3.44788  22.23733   3.85898
   21.372   6.96000 636.00000   3.47081  22.26144   3.89736
   21.396   6.93000 640.00000   3.49945  22.34260   3.92803
   21.419   6.90000 644.00000   3.52817  22.42291   3.95880
   21.493   6.88500 648.00000   3.55124  22.44254   3.99778
   21.513   6.85500 652.00000   3.58010  22.52070   4.02884
   21.585   6.84000 656.00000   3.60323  22.53712   4.06824
   21.603   6.81000 660.00000   3.63223  22.61311   4.09958
   21.673   6.79500 664.00000   3.65544  22.62629   4.13940
   21.688   6.76500 668.00000   3.68458  22.70010   4.17103
   21.701   6.73500 672.00000   3.71379  22.77306   4.20276
   21.824   6.73500 676.00000   3.73116  22.78163   4.24319
   21.835   6.70500 680.00000   3.76048  22.85239   4.27521
   21.844   6.67500 684.00000   3.78988  22.92228   4.30734
   21.852   6.64500 688.00000   3.81934  22.99130   4.33959
   21.973   6.64500 692.00000   3.83675  22.99387   4.38081
   21.978   6.61500 696.00000   3.86632  23.06066   4.41335
   22.040   6.60000 700.00000   3.88984  23.12657   4.44600
   22.043   6.57000 704.00000   3.91953  23.19161   4.47876
   22.103   6.55500 708.00000   3.94311  23.18810   4.52078
   22.163   6.54000 712.00000   3.96671  23.25088   4.55384
   22.161   6.51000 716.00000   3.99657  23.31278   4.58702
   22.219   6.49500 720.00000   4.02024  23.37379   4.62030
   22.276   6.48000 724.00000   4.04392  23.43392   4.65371
   22.332   6.46500 728.00000   4.06761  23.42284   4.69672
   22.387   6.45000 732.00000   4.09132  23.48067   4.73043
   22.380   6.42000 736.00000   4.12145  23.53761   4.76425
   22.433   6.40500 740.00000   4.14522  23.59365   4.79819
   22.485   6.39000 744.00000   4.16901  23.64879   4.83225
   22.474   6.36000 748.00000   4.19928  23.70302   4.86642
   22.525   6.34500 752.00000   4.22313  23.75635   4.90071
   22.575   6.33000 756.00000   4.24700  23.80877   4.93512
   22.624   6.31500 760.00000   4.27088  23.86029   4.96964
   22.608   6.28500 764.00000   4.30132  23.91089   5.00429
   22.655   6.27000 768.00000   4.32526  23.96057   5.03905
   22.767   6.27000 772.00000   4.34261  23.93323   5.08421
   22.813   6.25500 776.00000   4.36655  23.98056   5.11928
   22.858   6.24000 780.00000   4.39051  24.02697   5.15448
   22.903   6.22500 784.00000   4.41447  24.07244   5.18979
   22.880   6.19500 788.00000   4.44517  24.11700   5.22523
   22.922   6.18000 792.00000   4.46919  24.16062   5.26078
   22.897   6.15000 796.00000   4.49994  24.28260   5.28577
   22.937   6.13500 800.00000   4.52402  24.32489   5.32150
   22.977   6.12000 804.00000   4.54810  24.36625   5.35735
   23.017   6.10500 808.00000   4.57219  24.40668   5.39332
   23.055   6.09000 812.00000   4.59630  24.44616   5.42942
   23.093   6.07500 816.00000   4.62041  24.48471   5.46564
   23.130   6.06000 820.00000   4.64454  24.52231   5.50198
   23.236   6.06000 824.00000   4.66179  24.55896   5.53845
   23.272   6.04500 828.00000   4.68592  24.59467   5.57503
   23.307   6.03000 832.00000   4.71005  24.62942   5.61175
   23.341   6.01500 836.00000   4.73420  24.66323   5.64858
   23.374   6.00000 840.00000   4.75836  24.69607   5.68554
   23.335   5.97000 844.00000   4.78949  24.81363   5.71109
   23.367   5.95500 848.00000   4.81368  24.84512   5.74823
   23.398   5.94000 852.00000   4.83788  24.87564   5.78549
   23.501   5.94000 856.00000   4.85507  24.90520   5.82288
   23.531   5.92500 860.00000   4.87927  24.93380   5.86040
   23.560   5.91000 864.00000   4.90347  24.96143   5.89803
   23.588   5.89500 868.00000   4.92768  24.98809   5.93580
   23.615   5.88000 872.00000   4.95190  25.10320   5.96166
   23.642   5.86500 876.00000   4.97613  25.12848   5.99961
   23.668   5.85000 880.00000   5.00035  25.15279   6.03768
   23.769   5.85000 884.00000   5.01742  25.17611   6.07588
   23.794   5.83500 888.00000   5.04165  25.19846   6.11421
   23.742   5.80500 892.00000   5.07306  25.31192   6.14028
   23.841   5.80500 896.00000   5.09012  25.33288   6.17879
   23.864   5.79000 900.00000   5.11436  25.35284   6.21743
   23.886   5.77500 904.00000   5.13861  25.37182   6.25619
   23.907   5.76000 908.00000   5.16285  25.48404   6.28242
   23.927   5.74500 912.00000   5.18710  25.50162   6.32137
   23.947   5.73000 916.00000   5.21134  25.51820   6.36045
   24.044   5.73000 920.00000   5.22831  25.53379   6.39965
   23.984   5.70000 924.00000   5.25983  25.64476   6.42604
   24.081   5.70000 928.00000   5.27680  25.65893   6.46544
   24.098   5.68500 932.00000   5.30104  25.67210   6.50496
   24.194   5.68500 936.00000   5.31792  25.68427   6.54460
   24.130   5.65500 940.00000   5.34952  25.79399   6.57116
   24.225   5.65500 944.00000   5.36641  25.80473   6.61099
   24.240   5.64000 948.00000   5.39064  25.81447   6.65096
   24.253   5.62500 952.00000   5.41487  25.92335   6.67762
   24.266   5.61000 956.00000   5.43910  25.93165   6.71777
   24.361   5.61000 960.00000   5.45591  25.93894   6.75805
   24.290   5.58000 964.00000   5.48752  26.04697   6.78482
   24.384   5.58000 968.00000   5.50435  26.05282   6.82529
   24.394   5.56500 972.00000   5.52856  26.05765   6.86589
   24.404   5.55000 976.00000   5.55275  26.16484   6.89277
   24.497   5.55000 980.00000   5.56951  26.16823   6.93356
   24.505   5.53500 984.00000   5.59370  26.17058   6.97448
   24.513   5.52000 988.00000   5.61788  26.27693   7.00146
   24.520   5.50500 992.00000   5.64205  26.27783   7.04258
   24.612   5.50500 996.00000   5.65875  26.27770   7.08382
   24.618   5.49000 1000.00000   5.68291  26.38320   7.11091
   24.623   5.47500 1004.00000   5.70706  26.38161   7.15235
   24.628   5.46000 1008.00000   5.73119  26.48667   7.17949
   24.718   5.46000 1012.00000   5.74783  26.48362   7.22112
   24.722   5.44500 1016.00000   5.77196  26.47953   7.26288
   24.725   5.43000 1020.00000   5.79607  26.58374   7.29013
   24.814   5.43000 1024.00000   5.81265  26.57818   7.33209
   24.903   5.43000 1028.00000   5.82914  26.57157   7.37416
   24.817   5.40000 1032.00000   5.86083  26.67492   7.40154
   24.906   5.40000 1036.00000   5.87735  26.66684   7.44381
   24.906   5.38500 1040.00000   5.90142  26.76976   7.47123
   24.905   5.37000 1044.00000   5.92546  26.76019   7.51370
   24.904   5.35500 1048.00000   5.94948  26.86268   7.54117
   24.991   5.35500 1052.00000   5.96597  26.85162   7.58384
   25.078   5.35500 1056.00000   5.98236  26.83951   7.62663
   25.076   5.34000 1060.00000   6.00639  26.94114   7.65422
   25.072   5.32500 1064.00000   6.03039  26.92753   7.69721
   25.068   5.31000 1068.00000   6.05436  27.02872   7.72485
   25.154   5.31000 1072.00000   6.07072  27.01362   7.76804
   25.149   5.29500 1076.00000   6.09468  27.11437   7.79573
   25.234   5.29500 1080.00000   6.11098  27.09777   7.83911
   25.136   5.26500 1084.00000   6.14249  27.19809   7.86685
   25.221   5.26500 1088.00000   6.15883  27.17998   7.91044
   25.306   5.26500 1092.00000   6.17509  27.16079   7.95414
   25.298   5.25000 1096.00000   6.19898  27.26025   7.98201
   25.382   5.25000 1100.00000   6.21517  27.23955   8.02591
   25.373   5.23500 1104.00000   6.23905  27.33856   8.05384
   25.457   5.23500 1108.00000   6.25518  27.31635   8.09794
   25.353   5.20500 1112.00000   6.28667  27.41493   8.12592
   25.436   5.20500 1116.00000   6.30285  27.39119   8.17021
   25.425   5.19000 1120.00000   6.32662  27.48933   8.19825
   25.508   5.19000 1124.00000   6.34275  27.46407   8.24274
   25.495   5.17500 1128.00000   6.36650  27.56177   8.27083
   25.578   5.17500 1132.00000   6.38256  27.53497   8.31552
   25.564   5.16000 1136.00000   6.40629  27.63224   8.34367
   25.646   5.16000 1140.00000   6.42230  27.60391   8.38856
   25.632   5.14500 1144.00000   6.44600  27.70073   8.41676
   25.713   5.14500 1148.00000   6.46196  27.67087   8.46185
   25.697   5.13000 1152.00000   6.48564  27.76725   8.49010
   25.779   5.13000 1156.00000   6.50154  27.73584   8.53539
   25.762   5.11500 1160.00000   6.52519  27.83178   8.56371
   25.745   5.10000 1164.00000   6.54879  27.79883   8.60919
   25.727   5.08500 1168.00000   6.57232  27.89433   8.63756
   25.807   5.08500 1172.00000   6.58823  27.85982   8.68324
   25.788   5.07000 1176.00000   6.61174  27.95488   8.71168
   25.768   5.05500 1180.00000   6.63518  28.04992   8.74009
   25.847   5.05500 1184.00000   6.65107  28.01343   8.78605
   25.827   5.04000 1188.00000   6.67447  28.10803   8.81452
   25.906   5.04000 1192.00000   6.69031  28.06998   8.86067
   25.884   5.02500 1196.00000   6.71368  28.16414   8.88921
   25.962   5.02500 1200.00000   6.72948  28.12452   8.93556
   25.940   5.01000 1204.00000   6.75281  28.21824   8.96415
   26.119   5.02500 1208.00000   6.76083  28.17705   9.01070
   26.096   5.01000 1212.00000   6.78422  28.27032   9.03935
   26.072   4.99500 1216.00000   6.80755  28.36358   9.06799
   26.149   4.99500 1220.00000   6.82317  28.32039   9.11481
   26.124   4.98000 1224.00000   6.84646  28.41320   9.14352
   26.202   4.98000 1228.00000   6.86204  28.36843   9.19053
   26.175   4.96500 1232.00000   6.88528  28.46080   9.21930
   26.252   4.96500 1236.00000   6.90082  28.41444   9.26651
   26.225   4.95000 1240.00000   6.92401  28.50636   9.29534
   26.198   4.93500 1244.00000   6.94712  28.59828   9.32415
   26.274   4.93500 1248.00000   6.96265  28.54989   9.37164
   26.245   4.92000 1252.00000   6.98571  28.64136   9.40051
   26.321   4.92000 1256.00000   7.00121  28.59138   9.44820
   26.291   4.90500 1260.00000   7.02422  28.68241   9.47714
   26.472   4.92000 1264.00000   7.03198  28.63083   9.52501
   26.442   4.90500 1268.00000   7.05506  28.72140   9.55402
   26.411   4.89000 1272.00000   7.07805  28.81197   9.58300
   26.485   4.89000 1276.00000   7.09340  28.75835   9.63116
   26.454   4.87500 1280.00000   7.11633  28.84847   9.66021
   26.421   4.86000 1284.00000   7.13916  28.93858   9.68925
   26.495   4.86000 1288.00000   7.15452  28.88291   9.73768
   26.462   4.84500 1292.00000   7.17729  28.97257   9.76678
   26.643   4.86000 1296.00000   7.18500  28.91529   9.81540
   26.609   4.84500 1300.00000   7.20785  29.00450   9.84458
   26.574   4.83000 1304.00000   7.23060  29.09370   9.87373
   26.647   4.83000 1308.00000   7.24581  29.03436   9.92263
   26.612   4.81500 1312.00000   7.26849  29.12311   9.95185
   26.684   4.81500 1316.00000   7.28368  29.06215  10.00094
   26.757   4.81500 1320.00000   7.29878  29.15045  10.03023
   26.720   4.80000 1324.00000   7.32144  29.23875  10.05950
   26.793   4.80000 1328.00000   7.33652  29.17571  10.10887
   26.755   4.78500 1332.00000   7.35910  29.26355  10.13821
   26.716   4.77000 1336.00000   7.38156  29.35139  10.16754
   26.899   4.78500 1340.00000   7.38913  29.28627  10.21718
   26.859   4.77000 1344.00000   7.41168  29.37366  10.24657
   26.931   4.77000 1348.00000   7.42663  29.30690  10.29640
   26.891   4.75500 1352.00000   7.44911  29.39384  10.32587
   26.850   4.74000 1356.00000   7.47146  29.48077  10.35532
   27.033   4.75500 1360.00000   7.47889  29.41192  10.40543
   26.992   4.74000 1364.00000   7.50133  29.49839  10.43495
   26.950   4.72500 1368.00000   7.52364  29.58486  10.46445
   27.020   4.72500 1372.00000   7.53852  29.51391  10.51483
   26.977   4.71000 1376.00000   7.56075  29.59993  10.54441
   27.047   4.71000 1380.00000   7.57560  29.68594  10.57397
   27.117   4.71000 1384.00000   7.59038  29.61289  10.62462
   27.073   4.69500 1388.00000   7.61257  29.69844  10.65426
   27.028   4.68000 1392.00000   7.63460  29.78399  10.68387
   27.212   4.69500 1396.00000   7.64202  29.70883  10.73480
   27.167   4.68000 1400.00000   7.66416  29.79392  10.76449
   27.121   4.66500 1404.00000   7.68615  29.87901  10.79417
   27.305   4.68000 1408.00000   7.69343  29.80174  10.84536
   27.258   4.66500 1412.00000   7.71553  29.88637  10.87511
   27.211   4.65000 1416.00000   7.73747  29.97100  10.90485
   27.279   4.65000 1420.00000   7.75210  29.89160  10.95632
   27.348   4.65000 1424.00000   7.76667  29.97577  10.98612
   27.299   4.63500 1428.00000   7.78856  30.05993  11.01592
   27.367   4.63500 1432.00000   7.80311  29.97841  11.06766
   27.318   4.62000 1436.00000   7.82489  30.06211  11.09753
   27.386   4.62000 1440.00000   7.83943  30.14581  11.12738
   27.453   4.62000 1444.00000   7.85389  30.06215  11.17939
   27.403   4.60500 1448.00000   7.87562  30.14540  11.20932
   27.470   4.60500 1452.00000   7.89007  30.22864  11.23923
   27.537   4.60500 1456.00000   7.90445  30.14283  11.29151
   27.485   4.59000 1460.00000   7.92612  30.22561  11.32150
   27.552   4.59000 1464.00000   7.94049  30.30839  11.35148
   27.499   4.57500 1468.00000   7.96203  30.39116  11.38144
   27.566   4.57500 1472.00000   7.97639  30.30275  11.43408
   27.632   4.57500 1476.00000   7.99068  30.38506  11.46412
   27.578   4.56000 1480.00000   8.01216  30.46737  11.49414
   27.644   4.56000 1484.00000   8.02644  30.37681  11.54705
   27.710   4.56000 1488.00000   8.04066  30.45866  11.57715
   27.655   4.54500 1492.00000   8.06207  30.54050  11.60724
   27.721   4.54500 1496.00000   8.07627  30.44777  11.66040
   27.787   4.54500 1500.00000   8.09041  30.52915  11.69057
   27.730   4.53000 1504.00000   8.11175  30.61053  11.72072
   27.674   4.51500 1508.00000   8.13288  30.69190  11.75086
   27.861   4.53000 1512.00000   8.13994  30.59655  11.80439
   27.803   4.51500 1516.00000   8.16120  30.67747  11.83460
   27.746   4.50000 1520.00000   8.18226  30.75837  11.86481
   27.933   4.51500 1524.00000   8.18925  30.66085  11.91860
   27.874   4.50000 1528.00000   8.21044  30.74129  11.94888
   27.815   4.48500 1532.00000   8.23141  30.82173  11.97915
   27.879   4.48500 1536.00000   8.24546  30.90217  12.00940
   27.943   4.48500 1540.00000   8.25944  30.80200  12.06355
   27.883   4.47000 1544.00000   8.28033  30.88197  12.09388
   27.947   4.47000 1548.00000   8.29431  30.96194  12.12420
   28.011   4.47000 1552.00000   8.30823  30.85959  12.17861
   28.074   4.47000 1556.00000   8.32208  30.93909  12.20901
   28.013   4.45500 1560.00000   8.34293  31.01859  12.23940
   27.950   4.44000 1564.00000   8.36356  31.09809  12.26978
   28.139   4.45500 1568.00000   8.37057  30.99308  12.32454
   28.076   4.44000 1572.00000   8.39133  31.07211  12.35499
   28.139   4.44000 1576.00000   8.40512  31.15114  12.38544
   28.075   4.42500 1580.00000   8.42571  31.23016  12.41587
   28.138   4.42500 1584.00000   8.43950  31.12249  12.47098
   28.200   4.42500 1588.00000   8.45323  31.20105  12.50149
   28.136   4.41000 1592.00000   8.47371  31.27960  12.53199
   28.325   4.42500 1596.00000   8.48048  31.16972  12.58736
   28.260   4.41000 1600.00000   8.50111  31.24781  12.61794
   28.194   4.39500 1604.00000   8.52148  31.32589  12.64851
   28.256   4.39500 1608.00000   8.53515  31.40398  12.67907
   28.317   4.39500 1612.00000   8.54876  31.29141  12.73478
   28.379   4.39500 1616.00000   8.56230  31.36903  12.76542
   28.312   4.38000 1620.00000   8.58263  31.44664  12.79605
   28.373   4.38000 1624.00000   8.59618  31.52425  12.82666
   28.434   4.38000 1628.00000   8.60967  31.40899  12.88273
   28.366   4.36500 1632.00000   8.62988  31.48613  12.91342
   28.427   4.36500 1636.00000   8.64337  31.56327  12.94411
   28.358   4.35000 1640.00000   8.66339  31.64040  12.97478
   28.548   4.36500 1644.00000   8.67017  31.52245  13.03120
   28.479   4.35000 1648.00000   8.69033  31.59912  13.06195
   28.539   4.35000 1652.00000   8.70371  31.67578  13.09270
   28.469   4.33500 1656.00000   8.72367  31.75244  13.12343
   28.660   4.35000 1660.00000   8.73027  31.63178  13.18019
   28.589   4.33500 1664.00000   8.75038  31.70797  13.21100
   28.517   4.32000 1668.00000   8.77021  31.78416  13.24181
   28.577   4.32000 1672.00000   8.78355  31.86034  13.27260
   28.637   4.32000 1676.00000   8.79682  31.73697  13.32970
   28.696   4.32000 1680.00000   8.81003  31.81269  13.36058
   28.623   4.30500 1684.00000   8.82980  31.88840  13.39145
   28.683   4.30500 1688.00000   8.84302  31.96411  13.42230
   28.609   4.29000 1692.00000   8.86256  32.03981  13.45315
   28.801   4.30500 1696.00000   8.86929  31.91325  13.51069
   28.727   4.29000 1700.00000   8.88898  31.98848  13.54161
   28.786   4.29000 1704.00000   8.90210  32.06372  13.57253
   28.711   4.27500 1708.00000   8.92157  32.13894  13.60344
   28.903   4.29000 1712.00000   8.92815  32.00965  13.66132
   28.828   4.27500 1716.00000   8.94778  32.08441  13.69231
   28.886   4.27500 1720.00000   8.96079  32.15916  13.72329
   28.810   4.26000 1724.00000   8.98018  32.23391  13.75426
   28.868   4.26000 1728.00000   8.99321  32.10188  13.81248
   28.926   4.26000 1732.00000   9.00618  32.17616  13.84353
   28.849   4.24500 1736.00000   9.02540  32.25044  13.87458
   28.906   4.24500 1740.00000   9.03840  32.32471  13.90561
   28.828   4.23000 1744.00000   9.05736  32.39898  13.93663
   29.022   4.24500 1748.00000   9.06420  32.26373  13.99529
   28.943   4.23000 1752.00000   9.08333  32.33753  14.02640
   29.001   4.23000 1756.00000   9.09622  32.41132  14.05750
   28.921   4.21500 1760.00000   9.11509  32.48511  14.08858
   29.115   4.23000 1764.00000   9.12183  32.34711  14.14757
   29.035   4.21500 1768.00000   9.14087  32.42043  14.17874
   29.092   4.21500 1772.00000   9.15366  32.49374  14.20991
   29.011   4.20000 1776.00000   9.17243  32.56705  14.24106
   29.068   4.20000 1780.00000   9.18525  32.64036  14.27221
   29.262   4.21500 1784.00000   9.19169  32.49912  14.33162
   29.181   4.20000 1788.00000   9.21072  32.57196  14.36285
   29.238   4.20000 1792.00000   9.22336  32.64479  14.39408
   29.155   4.18500 1796.00000   9.24211  32.71762  14.42529
   29.212   4.18500 1800.00000   9.25478  32.79045  14.45649
   29.268   4.18500 1804.00000   9.26739  32.64596  14.51633
   29.324   4.18500 1808.00000   9.27994  32.71831  14.54762
   29.240   4.17000 1812.00000   9.29858  32.79066  14.57890
   29.296   4.17000 1816.00000   9.31116  32.86301  14.61017
   29.352   4.17000 1820.00000   9.32368  32.71573  14.67034
   29.407   4.17000 1824.00000   9.33614  32.78760  14.70169
   29.323   4.15500 1828.00000   9.35467  32.85947  14.73304
   29.378   4.15500 1832.00000   9.36716  32.93134  14.76438
   29.293   4.14000 1836.00000   9.38538  33.00320  14.79570
   29.489   4.15500 1840.00000   9.39196  32.85266  14.85630
   29.403   4.14000 1844.00000   9.41037  32.92404  14.88772
   29.458   4.14000 1848.00000   9.42277  32.99543  14.91912
   29.513   4.14000 1852.00000   9.43512  33.06681  14.95052
   29.426   4.12500 1856.00000   9.45331  33.13819  14.98190
   29.622   4.14000 1860.00000   9.45964  32.98437  15.04292
   29.535   4.12500 1864.00000   9.47801  33.05527  15.07440
   29.589   4.12500 1868.00000   9.49027  33.12617  15.10586
   29.501   4.11000 1872.00000   9.50833  33.19707  15.13732
   29.556   4.11000 1876.00000   9.52063  33.26797  15.16877
   29.610   4.11000 1880.00000   9.53287  33.11086  15.23020
   29.664   4.11000 1884.00000   9.54505  33.18127  15.26174
   29.718   4.11000 1888.00000   9.55718  33.25169  15.29327
   29.628   4.09500 1892.00000   9.57518  33.32210  15.32479
   29.682   4.09500 1896.00000   9.58735  33.39251  15.35630
   29.592   4.08000 1900.00000   9.60501  33.46292  15.38779
   29.790   4.09500 1904.00000   9.61150  33.30203  15.44975
   29.699   4.08000 1908.00000   9.62936  33.37196  15.48134
   29.752   4.08000 1912.00000   9.64145  33.44189  15.51292
   29.661   4.06500 1916.00000   9.65895  33.51182  15.54449
   29.714   4.06500 1920.00000   9.67108  33.58174  15.57605
   29.912   4.08000 1924.00000   9.67737  33.41754  15.63842
   29.820   4.06500 1928.00000   9.69517  33.48699  15.67007
   29.873   4.06500 1932.00000   9.70712  33.55643  15.70172
   29.780   4.05000 1936.00000   9.72456  33.62586  15.73335
   29.833   4.05000 1940.00000   9.73656  33.69530  15.76498
   30.032   4.06500 1944.00000   9.74266  33.52778  15.82775
   29.938   4.05000 1948.00000   9.76040  33.59674  15.85947
   29.991   4.05000 1952.00000   9.77223  33.66569  15.89118
   29.896   4.03500 1956.00000   9.78959  33.73465  15.92288
   29.949   4.03500 1960.00000   9.80147  33.80359  15.95457
   29.854   4.02000 1964.00000   9.81845  33.87254  15.98625
   30.053   4.03500 1968.00000   9.82505  33.70122  16.04954
   30.105   4.03500 1972.00000   9.83676  33.76968  16.08131
   30.010   4.02000 1976.00000   9.85405  33.83815  16.11308
   30.062   4.02000 1980.00000   9.86580  33.90661  16.14483
   29.965   4.00500 1984.00000   9.88270  33.97507  16.17658
   30.017   4.00500 1988.00000   9.89450  34.04352  16.20832
   30.217   4.02000 1992.00000   9.90073  33.86838  16.27211
   30.120   4.00500 1996.00000   9.91793  33.93635  16.30394
   30.171   4.00500 2000.00000   9.92957  34.00433  16.33577
